# q qerr q^{ 0.25 }*I(q) q^{ 0.25 }*I(q)err
5.674929039305736831e-04 2.844972107948976880e-04 8.946447079784922707e+00 1.357898441056204319e+02
1.148899370130779425e-03 1.593506736090453848e-04 3.995123708059934131e+01 1.847209607308637942e+02
1.690528571858088179e-03 1.607778195237353277e-04 2.273850342617185305e+01 1.603909575358263737e+02
2.241866674943214510e-03 1.624380793292098057e-04 1.894905209359296450e+01 1.569656499931681992e+02
2.823089956553034678e-03 1.787958159578247833e-04 1.656321286332856957e+01 1.486024271640440020e+02
3.397691792008107527e-03 1.654200107260591994e-04 1.279756157405107686e+01 1.460126399163430619e+02
3.955905906185787878e-03 1.581242633162599563e-04 1.310978711229646798e+01 1.409853082518073393e+02
4.519315497203105388e-03 1.683468328344326747e-04 6.320700176449858532e+01 1.410523593753461228e+03
5.094624480167554877e-03 1.662435421534576264e-04 8.193826490455604983e+01 1.765229918683775395e+03
5.671667658710049208e-03 1.752760759842015225e-04 1.449749242336845327e+02 1.821173664189310102e+03
6.229435306002196852e-03 1.566941657328803285e-04 8.850807628676385264e+01 1.081721072159614096e+03
6.818425326918784932e-03 1.698659042947616045e-04 1.373449533859676421e+02 1.787927741111315981e+03
7.392546870843330446e-03 1.666475300425771769e-04 1.114089293931822340e+02 1.428912048410257057e+03
7.958735922135976720e-03 1.616219573196543788e-04 9.840659290290818717e+01 1.198284412072378927e+03
8.523351536763364850e-03 1.651414567132583546e-04 8.097823965332523244e+01 9.933465833530059399e+02
9.082177839432660840e-03 1.612368320144011544e-04 1.023064119103735408e+02 1.176622681669405665e+03
9.653289543242585258e-03 1.734477465576669993e-04 1.721029292619294608e+02 1.389761315581101826e+03
1.022632910579091697e-02 1.656498643276444491e-04 1.126433984296991611e+02 1.126154945793054139e+03
1.079378886745451134e-02 1.666241285096857038e-04 1.138556147886769878e+02 1.092538959884015867e+03
1.136322232886073993e-02 1.657395509400995924e-04 1.081722443145231694e+02 1.076031641324804923e+03
1.192487803400927096e-02 1.598068237739880368e-04 1.698734897467448093e+02 1.574681083140328610e+03
1.250107846052310803e-02 1.758130933935119508e-04 1.260231133213794266e+02 1.321138447569596565e+03
1.308013446480046395e-02 1.632003798560462853e-04 1.320052918424077859e+02 1.305926119265401439e+03
1.364529727767590378e-02 1.636500483111470142e-04 1.092277468829498588e+02 1.036322240869423695e+03
1.420711257824900688e-02 1.632274629034310010e-04 9.478840958559526086e+01 9.773634465057004945e+02
1.477622771744476447e-02 1.660652488222497678e-04 8.578513578225401659e+01 1.032362712204511809e+03
1.535205590902211266e-02 1.691173193363761497e-04 8.855226383706400384e+01 1.129217263242142735e+03
1.592141408496132449e-02 1.606268769112478021e-04 1.096768603847131658e+02 1.280574336074492521e+03
1.648727759634203288e-02 1.683231996598719767e-04 8.927697399254174115e+01 1.382821051410502605e+03
1.705712208282728418e-02 1.663414770258688099e-04 9.691740333453840606e+01 1.663841007067143209e+03
1.763195912570766563e-02 1.635018512689289153e-04 6.059312950364134309e+01 8.396966725233033912e+02
1.819607168035014197e-02 1.684424408021118911e-04 7.034321972265888689e+01 9.592467602831492286e+02
1.875870703073690554e-02 1.582377186662897641e-04 6.305385615117743470e+01 1.148899980172810729e+03
1.932677667244641836e-02 1.651583032282129043e-04 7.786122655476698640e+01 1.426441513391701164e+03
1.990329311346715827e-02 1.671760846201205894e-04 6.523367303759965807e+01 1.103527213063773843e+03
2.048092620250665727e-02 1.603971381583346560e-04 4.418290348969954806e+01 3.541183030780309764e+02
2.104464476282554355e-02 1.602337383903214025e-04 3.890875995194146952e+01 3.348662610323381159e+02
2.161114527896519297e-02 1.607033082626155708e-04 3.734516890919321241e+01 3.440680472728134873e+02
2.218133410754839774e-02 1.655552938162110899e-04 4.532906477423901492e+01 3.636134279135732186e+02
2.275185259835647150e-02 1.618820481130585603e-04 4.221204236256156861e+01 3.735138468560123783e+02
2.332495775814624403e-02 1.642487956110087733e-04 3.831604435521177265e+01 3.876568159467855708e+02
2.389088285140539628e-02 1.577065762391947857e-04 3.562545794705084745e+01 3.088779846391256569e+02
2.445923729321806961e-02 1.652478754713913303e-04 4.083390490242462789e+01 3.358633451314251488e+02
2.503496178947177062e-02 1.651494830160459568e-04 4.017096384035776424e+01 3.641931964955774674e+02
2.559778794607868793e-02 1.552884428917792757e-04 3.906153238134869810e+01 3.873858638604028783e+02
2.616085406419820653e-02 1.634993579041898472e-04 3.700086151653997035e+01 2.732609295825148479e+02
2.673466598694612326e-02 1.659473723571959416e-04 3.426398507895721934e+01 1.812522944486741778e+02
2.731115693516828272e-02 1.632758392516604881e-04 4.809015447242623509e+01 4.232043361167564512e+02
2.788118685142516526e-02 1.621574962242474424e-04 5.107752657960090659e+01 5.708298436662175845e+02
2.844334218658856744e-02 1.575568508801520565e-04 5.396374123750840113e+01 5.268046462349717558e+02
2.901128934261586884e-02 1.666863616080674739e-04 4.779695882689460973e+01 4.547100659583284710e+02
2.958334755515614270e-02 1.636364590833695352e-04 4.889890825248127015e+01 4.298700134162345421e+02
3.016005481025983703e-02 1.663033300384563862e-04 5.441488494996516323e+01 5.403970852423873339e+02
3.073541670121657243e-02 1.610394776267720098e-04 5.049874313517648972e+01 5.118457993072044019e+02
3.130202113967314043e-02 1.601611386835888914e-04 5.220621325518217049e+01 4.675976005630467967e+02
3.187829616083302092e-02 1.617314655979870588e-04 8.193426888661764451e+01 9.116753445568044754e+02
3.243116544564791232e-02 1.538608760869338953e-04 8.005778318649180392e+01 1.186463798046739612e+03
3.299216766677993268e-02 1.611233124514211226e-04 6.877742147863563105e+01 9.467393103166932633e+02
3.356736398329099313e-02 1.663454620882158432e-04 7.168265076201879538e+01 8.771109202396854698e+02
3.414402660727465511e-02 1.640382449361125745e-04 7.659016657131974171e+01 1.031473385948469513e+03
3.471130967831000808e-02 1.630032768676974132e-04 9.911078293129979500e+01 1.799041471926323084e+03
3.527735698771047868e-02 1.586001804608078701e-04 9.307833835581232051e+01 1.515793119261917354e+03
3.584212235715712042e-02 1.639966754556168333e-04 8.168924347922099116e+01 1.225076874798072595e+03
3.641360588793606662e-02 1.657583269312397649e-04 6.812401596964805606e+01 1.010695476338914659e+03
3.699204988164981472e-02 1.675000753634397783e-04 5.885530412810314260e+01 8.312893005489322604e+02
3.756614079521862493e-02 1.629487981199718039e-04 6.037811349037055209e+01 7.029891580956320922e+02
3.813173457968466878e-02 1.601709563038417852e-04 6.257029997978269620e+01 8.002394647320181775e+02
3.870123861937398851e-02 1.665320094485753287e-04 6.663213877593524614e+01 9.099409691410915002e+02
3.927038477907367903e-02 1.595739901444135473e-04 6.311444995718349560e+01 1.017641883426446384e+03
3.983223020581289769e-02 1.600525917385948560e-04 6.631977850864879542e+01 1.192367564883948489e+03
4.040319254749303451e-02 1.629847608929755492e-04 7.657639759136385749e+01 1.429953155424256693e+03
4.097847983742942957e-02 1.637423276387615315e-04 5.389410588971211524e+01 7.270953845269550584e+02
4.154845757908610243e-02 1.632858927968540170e-04 4.573431907030786192e+01 4.917437417273051778e+02
4.211096617867943898e-02 1.591954733700759082e-04 3.709819909288772521e+01 3.829266180452568733e+02
4.267479996429063283e-02 1.626922294717144508e-04 3.607629213400743851e+01 3.760678481300233784e+02
4.324894861578967853e-02 1.648791604420656303e-04 3.700874905819200933e+01 3.909850364090873995e+02
4.382259982426141981e-02 1.648119453955710235e-04 3.707117325761915794e+01 4.008118434018336416e+02
4.439684817608391398e-02 1.657857907598298485e-04 3.887752413228343329e+01 4.363350224373223227e+02
4.496810105634749255e-02 1.605461979391622574e-04 4.026020178151510009e+01 4.712021244855803275e+02
4.554171224836644355e-02 1.614682433042145099e-04 4.290051124240679314e+01 5.260648979467534900e+02
4.610155748578476098e-02 1.611681308731387956e-04 3.408275806684439146e+01 3.560456892140309719e+02
4.666878268161533255e-02 1.633706314247453106e-04 3.287795969274547758e+01 3.706198970338838308e+02
4.724179112493420707e-02 1.640064362845387305e-04 3.626162533139412147e+01 4.072458919449658765e+02
4.781485863682106985e-02 1.603970986623863418e-04 3.821666389106346884e+01 4.700427779340939196e+02
4.838090364323261588e-02 1.627767526220613541e-04 3.687893024844601797e+01 5.229335559738191250e+02
4.894660559372156217e-02 1.600077588688515891e-04 3.309101464396681536e+01 3.842327788262273316e+02
4.951392975822679204e-02 1.634972655076515600e-04 2.312947021946171233e+01 1.492416289418008546e+02
5.008115425656571584e-02 1.603631424906807766e-04 2.454065977570883561e+01 1.581526679732078549e+02
5.065256697268687158e-02 1.664439466334601014e-04 2.832018351006345114e+01 2.132010589563043652e+02
5.123133419340119427e-02 1.667486900368933577e-04 3.232773068934467631e+01 2.880262032300969963e+02
5.180421108800337127e-02 1.611095602893855170e-04 3.022021550920895905e+01 2.756975702508354971e+02
5.236713679473175426e-02 1.603377452188200906e-04 2.901988643400630252e+01 2.497754946864027374e+02
5.293154350511707074e-02 1.605256493091678871e-04 2.857158863669257443e+01 2.378167231177904739e+02
5.350294899456310010e-02 1.654539019890845816e-04 3.188402875655708613e+01 2.863295866752361007e+02
5.407783127769403425e-02 1.644366395932839436e-04 3.120898755185963935e+01 2.769971131532149684e+02
5.464518700993563349e-02 1.590918667890646085e-04 3.019921845912690728e+01 2.557675316122579261e+02
5.521180254731322679e-02 1.639690274967515408e-04 4.641044114583586122e+01 7.621990315087992940e+02
5.578118974576895539e-02 1.623934658103401852e-04 5.241497757765609578e+01 9.665813510551218997e+02
5.635204012334044110e-02 1.654459582011890610e-04 4.616499648284553814e+01 7.904467095735617477e+02
5.692194091187841726e-02 1.625987328923687999e-04 4.859777550794049006e+01 6.993012933608513322e+02
5.749478002898722462e-02 1.655984877751828300e-04 4.760266690289459035e+01 6.757267564067054764e+02
5.806930997482655232e-02 1.655746571821645468e-04 5.972615244267201717e+01 1.052456135964912164e+03
5.863764960575895691e-02 1.619312658378289417e-04 5.514307151670686835e+01 8.956519180155730737e+02
5.920538301250988927e-02 1.643971387980548010e-04 5.022337188676869602e+01 7.545590488700513561e+02
5.977124795561390702e-02 1.608666510810117102e-04 4.579769815990662352e+01 6.556662148767998133e+02
6.033874205823501480e-02 1.647868771213089787e-04 4.925069227111203674e+01 6.212645575291639943e+02
6.091325274162821130e-02 1.670864426803059786e-04 4.789198374189998475e+01 6.035671550750412280e+02
6.148502541354739642e-02 1.622556436834592466e-04 4.862479843027595905e+01 6.009621997909451920e+02
6.205189136096481151e-02 1.633157011047392103e-04 4.968503907504040029e+01 5.959777737723410382e+02
6.261854057389056039e-02 1.632174873325562328e-04 5.226820814198288190e+01 6.419126728984358579e+02
6.318914383441272264e-02 1.653760971298145642e-04 5.833863725524559385e+01 8.000378734336874231e+02
6.376023449301351786e-02 1.639035598801139970e-04 5.892934685220313895e+01 8.444514900714418673e+02
6.432803307533360715e-02 1.621645700903011529e-04 4.958816485317767331e+01 6.037376050870609561e+02
6.489856998451654091e-02 1.669862521714594579e-04 4.588475390264077447e+01 5.628552981143210445e+02
6.547274804449723651e-02 1.640885159182881579e-04 4.369561607611682064e+01 5.751257539010358641e+02
6.604180489849272029e-02 1.646639673704165785e-04 4.565190705077986877e+01 6.249849536992713865e+02
6.660623119719892571e-02 1.592929675731703267e-04 4.563853810960918622e+01 5.806038457087694269e+02
6.717024245245407921e-02 1.633539662043708850e-04 3.728246780235832603e+01 5.087112496537152424e+02
6.774389482141124352e-02 1.675576388295976283e-04 3.814066745226014632e+01 5.634986244920036143e+02
6.831826847514600731e-02 1.637923581578484378e-04 4.168352886682043845e+01 6.561950432521309722e+02
6.888705730474702082e-02 1.652744253581401798e-04 4.616046275900821882e+01 7.653563107379227404e+02
6.945542383473701786e-02 1.629104493176388108e-04 3.818433698426699152e+01 5.329676698083936799e+02
7.002342773589911862e-02 1.648151485242108744e-04 3.650784511191126569e+01 5.348910460801521367e+02
7.059366999044673630e-02 1.662550227318501748e-04 3.425842482548558365e+01 5.885720661414839014e+02
7.116506368401853688e-02 1.625838995224176237e-04 3.786335231182869165e+01 7.182439474938488502e+02
7.173435402599639965e-02 1.652084184602575149e-04 3.307361172151466633e+01 5.513190372823436292e+02
7.230413345010822113e-02 1.637183997182977205e-04 2.092418468798718223e+01 1.622220051161237109e+02
7.287535309411086182e-02 1.672417923450074428e-04 2.087706680280108884e+01 1.663443009772457515e+02
7.344264351459812989e-02 1.615107883662340199e-04 2.143271631888433149e+01 1.745984974856204417e+02
7.400874308516815214e-02 1.643358076012312692e-04 2.299949094080624690e+01 1.920105599410342165e+02
7.458027476342153628e-02 1.675440758529865104e-04 2.362051555518219814e+01 2.169601017739732640e+02
7.515360206925635056e-02 1.659007866472888876e-04 2.244539213766560692e+01 1.916798342143514731e+02
7.572653043280640206e-02 1.667703897627628403e-04 2.133902325333003347e+01 1.886177381669900512e+02
7.629257439157649534e-02 1.613026437962709273e-04 2.174063419622564197e+01 1.936711524064783134e+02
7.685854794482006869e-02 1.655132643693588959e-04 2.216030035481312055e+01 1.983708284709229019e+02
7.743095484667150696e-02 1.663188505340156562e-04 1.977561092958427125e+01 1.590689062731634351e+02
7.800307387325174091e-02 1.646088130976341784e-04 1.741847031184409289e+01 1.288891858850608116e+02
7.857285937600359815e-02 1.642827697957887148e-04 2.786213927765983911e+01 4.432362439170553330e+02
7.914030433697126499e-02 1.644038741673722285e-04 3.022173514670502570e+01 5.730379901572501922e+02
7.971363909789573599e-02 1.686246663258572599e-04 2.737018306759792807e+01 4.736081151466095207e+02
8.028336742288347261e-02 1.630175830377963476e-04 2.910293088533811456e+01 4.329930828314937798e+02
8.084657461908631437e-02 1.624830525152602299e-04 2.966593764987713300e+01 4.152716741409720385e+02
8.141576836553932051e-02 1.669327409291318032e-04 3.488778837269527600e+01 5.768262270526715838e+02
8.198999899294683036e-02 1.665678872732673699e-04 3.275441080843807384e+01 5.084428837592211039e+02
8.256291600642022555e-02 1.667742795597147189e-04 3.060336781701337117e+01 4.423651308569391176e+02
8.313017350722522181e-02 1.622220755033760729e-04 2.973876156865870612e+01 3.994141010001377481e+02
8.369804984259203440e-02 1.664688827049269940e-04 3.637678707270404743e+01 5.259786202254236969e+02
8.427145695211719911e-02 1.665250916999540221e-04 3.783266936065601982e+01 6.085697037211110683e+02
8.484322389617167393e-02 1.637586992165824878e-04 3.660809124284026694e+01 5.422263903787504660e+02
8.541128619399389332e-02 1.638398048391557582e-04 3.884563449397565194e+01 5.147914381062245184e+02
8.597509273105490013e-02 1.644107441723988399e-04 2.535395383723683693e+01 4.232152348606267651e+02
8.654469928656065292e-02 1.672242711847612485e-04 2.287871559238111629e+01 4.079838128331613802e+02
8.711602704802673403e-02 1.664756484490882563e-04 2.277883709113057975e+01 4.108608893850773143e+02
8.768297517393514040e-02 1.629738329798275699e-04 1.669776723184816092e+01 2.665060923535373263e+02
8.825290032547439267e-02 1.677753802148126223e-04 1.410204829699860163e+01 2.128073616558018557e+02
8.882728963116363896e-02 1.660840529133248355e-04 1.370443739020436702e+01 1.979744251734009595e+02
8.939873099459381967e-02 1.674600101650153944e-04 1.364654757497951110e+01 1.930010145838507469e+02
8.996574992076772359e-02 1.625954485546293369e-04 2.503611328421495585e+01 4.883601987479537456e+02
9.052975174956454096e-02 1.641884755214948822e-04 2.709132087115758125e+01 5.975878427904850696e+02
9.109728160029302579e-02 1.665878210071322293e-04 2.977307365890862201e+01 7.241766590489631881e+02
9.167360308611512132e-02 1.691673024739786862e-04 3.321999508150017988e+01 8.775842039731010118e+02
9.224630046812692941e-02 1.661180387969159406e-04 3.828286805776179591e+01 1.070914080029548131e+03
9.280964568107687163e-02 1.622004669329406214e-04 2.300576969479454448e+01 4.717889519035266517e+02
9.337787253947693600e-02 1.693425656590344841e-04 1.668187158691119976e+01 2.603833111377467731e+02
9.395095418203168458e-02 1.671756127807440728e-04 1.190669007666492263e+01 1.483444279413618858e+02
9.452173027257999849e-02 1.664324071683900906e-04 1.169214003878016328e+01 1.494609778825076205e+02
9.509326738515321009e-02 1.669069438581976313e-04 1.218864833816941662e+01 1.610225885473396374e+02
9.566272265491507221e-02 1.645312906553754331e-04 1.270550275496002612e+01 1.748878978532032704e+02
9.623155192590433782e-02 1.679894106670357307e-04 1.280448450243236458e+01 1.876394409213861252e+02
9.680127410679029154e-02 1.658827779818066437e-04 1.322362661234739178e+01 1.995641667196939579e+02
9.736705924256724987e-02 1.641594083169862182e-04 1.440107103695907220e+01 2.190745935827854964e+02
9.793397891459672266e-02 1.671298929232743204e-04 1.097098743857087655e+01 1.104288792362472407e+02
9.850609229929045696e-02 1.670469061983355678e-04 1.052807611015273537e+01 1.005394499620694546e+02
9.907763528137655817e-02 1.686261721501068134e-04 9.671057905336452265e+00 9.566458867202743477e+01
9.964620103317545219e-02 1.646969559683391672e-04 9.649570267667121115e+00 9.479941706795001721e+01
1.002153546806325707e-01 1.683661006222900484e-04 9.851434303823134897e+00 9.401224782189169105e+01
1.007852801008298216e-01 1.662213748647504671e-04 9.484413478572793821e+00 9.425724889835730380e+01
1.013566836402035737e-01 1.686156360751308778e-04 1.023875436718951981e+01 9.797764197739250847e+01
1.019292104740007615e-01 1.675656292710030074e-04 1.496908844509879444e+01 2.303006067134662089e+02
1.024979026966999635e-01 1.641718659939537769e-04 1.798818464606115342e+01 3.387931934429875582e+02
1.030626501369650422e-01 1.662647002628721900e-04 1.686957235941206790e+01 3.015547256371898470e+02
1.036325615768987768e-01 1.677506288003891564e-04 1.529523910685977484e+01 2.688772816318227683e+02
1.042015450127809773e-01 1.651266135071514983e-04 1.472628761779513340e+01 2.478069570855675465e+02
1.047667552694281357e-01 1.657590553678264496e-04 1.384039986633092312e+01 2.210353508048880258e+02
1.053386952436592555e-01 1.679619864400426596e-04 1.345260831120995704e+01 2.061769601877853404e+02
1.059134139977540023e-01 1.698437360931091887e-04 1.336338313131240518e+01 1.946877848179086357e+02
1.064843746813403103e-01 1.658628055845030955e-04 1.287272276106710756e+01 1.846637872553378941e+02
1.070507481145438894e-01 1.666854284079099168e-04 2.737005791544471478e+01 6.009320994655241748e+02
1.076185747185142566e-01 1.663538982367525809e-04 3.275594066107392877e+01 8.100027667815929817e+02
1.081928030631775922e-01 1.695974762735689327e-04 2.887928395966698503e+01 6.681209821587655142e+02
1.087656902841804690e-01 1.673207808882646859e-04 2.643506779685564823e+01 5.580503881033687321e+02
1.093349095435287022e-01 1.650571071372068503e-04 2.479984870248379991e+01 4.746268459242481299e+02
1.098998968859329073e-01 1.653922135491046874e-04 2.379534873423171604e+01 4.275413067130946274e+02
1.104650792777204099e-01 1.660613932100028149e-04 2.359189168389932689e+01 3.994547539966152385e+02
1.110347550091190794e-01 1.673984014251322830e-04 1.891801404074451654e+01 3.301051761689547561e+02
1.116043978296737960e-01 1.663457032548090492e-04 1.849738007812511853e+01 3.203614674864281255e+02
1.121764550297892488e-01 1.669280685209542355e-04 2.110979782037956909e+01 3.481793386234343188e+02
1.127477509647829418e-01 1.677883198256345770e-04 2.276424194236441423e+01 3.920743128635535868e+02
1.133181386605659896e-01 1.666877358686726356e-04 2.463704825297720546e+01 4.606204888635505199e+02
1.138869733692361025e-01 1.670691570130550599e-04 2.651550767951063392e+01 5.396619309484525502e+02
1.144538206711315093e-01 1.650528883812137581e-04 2.915350146651570640e+01 6.357715454596465179e+02
1.150232504477800843e-01 1.671433673353676854e-04 3.151453399476434925e+01 7.473041806827091023e+02
1.155958424109956584e-01 1.687782241412863851e-04 3.427047054782702418e+01 8.769155617493239561e+02
1.161669362318749760e-01 1.656345389695187075e-04 2.209467862778257441e+01 4.215667771475252721e+02
1.167358579269463237e-01 1.669853113379273098e-04 1.712186463373175016e+01 2.649297937833736682e+02
1.172994812905418655e-01 1.633453369740070905e-04 1.271894284308399037e+01 1.941423212091947903e+02
1.178693415747435191e-01 1.706918281686270423e-04 1.327847384569485101e+01 2.076837067540153043e+02
1.184423166348663042e-01 1.666414775224065239e-04 1.466307407840014143e+01 2.363690256797194991e+02
1.190110709128645028e-01 1.663638367743462579e-04 1.508326693979767619e+01 2.678090292770357905e+02
1.195822249089615874e-01 1.690654876044900778e-04 1.563978475314729266e+01 2.975687754797860407e+02
1.201515384530931901e-01 1.657107326412885493e-04 1.657902753129712892e+01 3.353036731013638700e+02
1.207203070100967696e-01 1.697824037341870277e-04 1.780989034223063427e+01 3.630049013151404438e+02
1.212893789497967584e-01 1.645062745128841582e-04 1.264789461769641044e+01 1.626685149975090781e+02
1.218587344954810692e-01 1.687185729514112430e-04 1.060587751077819796e+01 1.124148874274547296e+02
1.224315422479737431e-01 1.684325549898935766e-04 8.757002455026336563e+00 8.702470039946614122e+01
1.230031024688151564e-01 1.674450188982372031e-04 8.809467531769328730e+00 8.993410737161232760e+01
1.235692064971041920e-01 1.654858851603093807e-04 8.668712219135663588e+00 8.990938401539888503e+01
1.241357044177045510e-01 1.659720870508394534e-04 8.907215176008042690e+00 9.212278747110056543e+01
1.247039465535192820e-01 1.683986322162994633e-04 8.682974510058969031e+00 9.149097593670235540e+01
1.252755795320700805e-01 1.683907220206874657e-04 8.814127489887621181e+00 9.529064770726384381e+01
1.258487906085339059e-01 1.686700705794193938e-04 8.908520532319828433e+00 9.853753696645469518e+01
1.264159571190660580e-01 1.652179277049539003e-04 7.682263851871633520e+00 7.496782896355695414e+01
1.269828884650241185e-01 1.682275158853999782e-04 7.406980026719460319e+00 7.470278809196636871e+01
1.275536975897068048e-01 1.699945217756056311e-04 7.511704153304734177e+00 7.792193382263761237e+01
1.281224854220955056e-01 1.651307540114785929e-04 7.418870163684444741e+00 8.263995244293744236e+01
1.286933529498555107e-01 1.701343314661988432e-04 7.224203889860040029e+00 8.622774755697396643e+01
1.292655480483474451e-01 1.676067768868043666e-04 1.049267413172171892e+01 1.329809632557598604e+02
1.298381320364055402e-01 1.698502307153819477e-04 9.367894003990539176e+00 1.250209893892441499e+02
1.304065004643886472e-01 1.662590713957073614e-04 2.389194401302845350e+01 5.677863347217351020e+02
1.309696647492289701e-01 1.648775306060591586e-04 2.837181912038014886e+01 7.417943629912532515e+02
1.315373451465835508e-01 1.689828297922074424e-04 2.408274099233002019e+01 5.960366639534732940e+02
1.321104548825929870e-01 1.692437791566149248e-04 2.159619293324066192e+01 5.020913009501318811e+02
1.326857375154495422e-01 1.701412893773342791e-04 1.953987417824324169e+01 4.269835508352623492e+02
1.332532105105006526e-01 1.644569666538046621e-04 1.888185922359594926e+01 3.715102123590513656e+02
1.338169159059840463e-01 1.669349164154969388e-04 1.748727535823016410e+01 3.290055405907198747e+02
1.343878521917558355e-01 1.710989809362133140e-04 1.482098120958545984e+01 2.818692661675429463e+02
1.349603519234164606e-01 1.669359809471280241e-04 1.464523082247465524e+01 2.740414297652911273e+02
1.355290305791368166e-01 1.681850279728993908e-04 2.039761592277381652e+01 3.649655551584188515e+02
1.360973837558105970e-01 1.672720190942342982e-04 2.311843823402546505e+01 4.247295629436958961e+02
1.366702481526201884e-01 1.708447662465230929e-04 2.259925106052735444e+01 4.146754783231910437e+02
1.372430315571489257e-01 1.691354598733625886e-04 2.279144047126971628e+01 4.163129492751152725e+02
1.378108023738988663e-01 1.655095118276463367e-04 2.306966494860552075e+01 4.360307392684517822e+02
1.383775771841717073e-01 1.688697319054608108e-04 2.389566623270725998e+01 4.758919346615429049e+02
1.389475494428869251e-01 1.678488202031736996e-04 2.560237431665486696e+01 5.368489417235222163e+02
1.395212707222466542e-01 1.706686089865116498e-04 1.729681798401381698e+01 2.908482892718174071e+02
1.400889121513610169e-01 1.642552252938431841e-04 1.550385318953075853e+01 2.507475583359930624e+02
1.406549225596408492e-01 1.677068842031393325e-04 1.449120539259330620e+01 2.552340074247954931e+02
1.412248346533533649e-01 1.690116372437921836e-04 1.542103388628849103e+01 2.769035404217158316e+02
1.417941068254391923e-01 1.670093111184721305e-04 1.649586996830263885e+01 3.157018074975716786e+02
1.423656355559977105e-01 1.701113259151621523e-04 1.739334217295138885e+01 3.735336440480928104e+02
1.429379426548450516e-01 1.680137101872804901e-04 1.956064732455639543e+01 4.493056647782024129e+02
1.435073798773808806e-01 1.680731226947347449e-04 2.147811293959155776e+01 5.237989393735815611e+02
1.440771818883720135e-01 1.700547988868273460e-04 2.390174704687230189e+01 6.253920316862077016e+02
1.446462814315041256e-01 1.656083218657698264e-04 1.540590577008731188e+01 2.921481254326593557e+02
1.452125052555256202e-01 1.684844368229841379e-04 1.154899675411242654e+01 1.683687468067616066e+02
1.457839388954616788e-01 1.683948538788424302e-04 8.673968516070530654e+00 1.054648108731424117e+02
1.463565998042226923e-01 1.696091316128981602e-04 8.391896797728607638e+00 1.032373466768893735e+02
1.469262515022519144e-01 1.678401351863458880e-04 8.838068393189640659e+00 1.105383590369707889e+02
1.474939603756106055e-01 1.662361282026037781e-04 8.789026653322116189e+00 1.124369063537105120e+02
1.480599603203204828e-01 1.689692884581891531e-04 8.400345376122261953e+00 1.129451989775538436e+02
1.486327115689581868e-01 1.699906230327237369e-04 1.011749627119482398e+01 1.309209769835591146e+02
1.492081352424435847e-01 1.705464038084299888e-04 1.159931258212276362e+01 1.552163973729491317e+02
1.497757709243307811e-01 1.650550262190966344e-04 8.801878166421685634e+00 1.074815730401656424e+02
1.503440440185784821e-01 1.697700114005154016e-04 8.259808334885192949e+00 1.002332866604868258e+02
1.509165958312842226e-01 1.699682166885640609e-04 7.897794270370595449e+00 9.894182878033541328e+01
1.514833720283045582e-01 1.659668407878710781e-04 8.001837662704838650e+00 9.947147902689121679e+01
1.520535874762121153e-01 1.717455855130118302e-04 7.771015909149070033e+00 9.278199958430859340e+01
1.526244657128841553e-01 1.657301816656426262e-04 7.933227828661308045e+00 9.424364762376710303e+01
1.531944048177990569e-01 1.713997825808457514e-04 8.009848938971988019e+00 9.197187203039965198e+01
1.537674057112714543e-01 1.683184361717697194e-04 1.742935407273702708e+01 3.585117552455390637e+02
1.543362110005573606e-01 1.672940019100741915e-04 1.994804991655423265e+01 4.588040415994004206e+02
1.549035637416945888e-01 1.683704996117138595e-04 1.792247377317078971e+01 3.826232908729131736e+02
1.554722463860159776e-01 1.679966869967229463e-04 1.846623761206721781e+01 3.384337699869072935e+02
1.560459900208626682e-01 1.721912382081908352e-04 1.514836175286226450e+01 2.857393970918363379e+02
1.566169656076583372e-01 1.644351779286681305e-04 1.469441551699688908e+01 2.674141298439041066e+02
1.571832626482055628e-01 1.687377649035877556e-04 1.381365080944616075e+01 2.412338059114348141e+02
1.577529731736015683e-01 1.685032013314121226e-04 1.250305172975719437e+01 2.217456838505816279e+02
1.583220903444891303e-01 1.683163842921365030e-04 2.195649052016102232e+01 4.389448122374328705e+02
1.588898426236498296e-01 1.680831093395561773e-04 2.524740517308806176e+01 5.579444663818076151e+02
1.594604050133666684e-01 1.681961490325961466e-04 2.425639686370900350e+01 4.839455793431086477e+02
1.600333507585789128e-01 1.699292061477151691e-04 2.300316939100695635e+01 4.270598472241968011e+02
1.606039751785176550e-01 1.676014211195516617e-04 2.241555131152240676e+01 3.916719762268565432e+02
1.611733306027465507e-01 1.674719191452298808e-04 2.214704389095340176e+01 3.720649647729652543e+02
1.617399428297464081e-01 1.670147894377376440e-04 2.337150271444558669e+01 3.641672534944764266e+02
1.623094165412102274e-01 1.685486181051048323e-04 2.285757859962398797e+01 3.740226732532493656e+02
1.628816146816564336e-01 1.697331187471751341e-04 1.787969739761470933e+01 2.932146197257915219e+02
1.634521907192554857e-01 1.667365662967356169e-04 1.660195599409645340e+01 2.896559736747200304e+02
1.640201921602927604e-01 1.668450608006982088e-04 1.825093963006701259e+01 3.254955387672495704e+02
1.645878330457274941e-01 1.680024365211419009e-04 2.213618773465391598e+01 4.571460187892025147e+02
1.651567618716379693e-01 1.671645999819425471e-04 2.495379016922223059e+01 5.703800578736268108e+02
1.657264779056585591e-01 1.692876351931912112e-04 2.906635294539078274e+01 7.162919176761624840e+02
1.662962408688682669e-01 1.652752217670282631e-04 3.383291058437161070e+01 8.820732632156770023e+02
1.668647238338327454e-01 1.682325870054191376e-04 3.800901404130842565e+01 1.080407600594519863e+03
1.674354358933244080e-01 1.682128548936996084e-04 2.241307173064166136e+01 4.810833309605025647e+02
1.680094054343551913e-01 1.689693834722883078e-04 1.744226430264967931e+01 2.639387352508960021e+02
1.685780229112530948e-01 1.656412772259727910e-04 1.256786405274572616e+01 1.314199651447195833e+02
1.691444670762947966e-01 1.663938667591130006e-04 1.167233640245307491e+01 1.357172232762522412e+02
1.697172744927546439e-01 1.706035561163262403e-04 1.113125545847445963e+01 1.394302712117598162e+02
1.702883555641972191e-01 1.651453159791982698e-04 1.119562798737005238e+01 1.521515611330376316e+02
1.708558824935764719e-01 1.669047537037073015e-04 1.158546219696984636e+01 1.599871676820074811e+02
1.714232028805131036e-01 1.657789959538249428e-04 1.185190979538025502e+01 1.728123161896218676e+02
1.719901606670392880e-01 1.664771945397595986e-04 1.445315536692850955e+01 1.893144551486032583e+02
1.725613018599664872e-01 1.702346576903621155e-04 1.510424999506747668e+01 2.082221662533542883e+02
1.731341760090149007e-01 1.652267194600903874e-04 1.102259513329286023e+01 9.725029789554042736e+01
1.737035157371246696e-01 1.673892631280851499e-04 9.952899793440234788e+00 8.326190406362242413e+01
1.742727842266845462e-01 1.657783179754444749e-04 9.839555213878238504e+00 8.053504790813427405e+01
1.748432872012828931e-01 1.684648893808943758e-04 1.012661431717941873e+01 8.053791136525818217e+01
1.754145481899948289e-01 1.664099932724438259e-04 9.835591006109206447e+00 8.141844375588956950e+01
1.759798591290594183e-01 1.632250142203518621e-04 9.551432904479188579e+00 7.895371189874188644e+01
1.765467593179363692e-01 1.687058492546679510e-04 9.399265186893819291e+00 7.688636476029724065e+01
1.771202219091868868e-01 1.674150367944676960e-04 1.377416121348544742e+01 1.827806776801584476e+02
1.776904693503658372e-01 1.659444764880447219e-04 1.526352980304008966e+01 2.533376312176036720e+02
1.782604010459035992e-01 1.678492110363692593e-04 1.606820359784776997e+01 2.291150299877207317e+02
1.788307500913050574e-01 1.655667938356936251e-04 1.332427772737091409e+01 2.031017208882725242e+02
1.793995450609073561e-01 1.698790182135153357e-04 1.182558668395136081e+01 1.822601264229730873e+02
1.799720812630283273e-01 1.649397208111774433e-04 1.152460765745389537e+01 1.714886573739049140e+02
1.805386456712941290e-01 1.651686536354535846e-04 1.128735309363419503e+01 1.545611479226029417e+02
1.811069383659960064e-01 1.669141728889542056e-04 1.081126146425145684e+01 1.400006213075576511e+02
1.816791523919583096e-01 1.673943658269089305e-04 2.365326694985770928e+01 5.535252068617834311e+02
1.822471761600497897e-01 1.659082293283683726e-04 2.904041601507071491e+01 7.429959668766296090e+02
1.828148900218806716e-01 1.652374151227169804e-04 2.591657098026646011e+01 6.017548544705441600e+02
1.833837884800252616e-01 1.666261844216967319e-04 2.256275291036358510e+01 4.910982756389939254e+02
1.839552836478638986e-01 1.671187308753734958e-04 2.028307124198255096e+01 4.102867316612085347e+02
1.845307098877413121e-01 1.672904076187442383e-04 2.051620243525385590e+01 3.489314189013742293e+02
1.850974035949538854e-01 1.617180604635059052e-04 1.922890412569647367e+01 3.089594780649707673e+02
1.856640408950079868e-01 1.676837744426350890e-04 1.728216829813800359e+01 2.856981850920199690e+02
1.862375265135386981e-01 1.677282116506915923e-04 1.673513356839685429e+01 2.710275941909928861e+02
1.868039468531301484e-01 1.623802461812587014e-04 2.075094630984115440e+01 3.108693233367686730e+02
1.873699886718823426e-01 1.657420409103716884e-04 2.137342128702772115e+01 3.370221763743524548e+02
1.879411051470216143e-01 1.653735326389958336e-04 2.275274097021223341e+01 3.778745994996684772e+02
1.885140907105027908e-01 1.672620345275643188e-04 2.508651134074019140e+01 4.211659685590890376e+02
1.890853277977380953e-01 1.660417714361772993e-04 2.681671278127377178e+01 4.906849280458760063e+02
1.896534166623433659e-01 1.636785168102265048e-04 2.988383201224950980e+01 5.759839959631526654e+02
1.902213717067860743e-01 1.664320399803167409e-04 3.053208862986519989e+01 6.690413689805787953e+02
1.907926445050983078e-01 1.652241434340370838e-04 2.217816005331022922e+01 3.337626539525575708e+02
1.913636616984963901e-01 1.658406534608816219e-04 2.013524594737468476e+01 2.245706003682648770e+02
1.919320125866155191e-01 1.633419537727983501e-04 1.544779322225199536e+01 1.766145408448722947e+02
1.925027719145957217e-01 1.669895910668903205e-04 1.568219448720906684e+01 1.891945467403450039e+02
1.930743279843360749e-01 1.658240720341930263e-04 1.595685567181725162e+01 2.111878115783655687e+02
1.936410871117785759e-01 1.627106479512474178e-04 1.760754040843577783e+01 2.482625608008938798e+02
1.942099136773889068e-01 1.664287986565099443e-04 1.809890592963456513e+01 2.822461739410324526e+02
1.947796436338841142e-01 1.627183489116277627e-04 2.195732237688807587e+01 3.255475311340339886e+02
1.953489635069127761e-01 1.666200070465689495e-04 2.097083048387133530e+01 3.537585700458524229e+02
1.959206053767875433e-01 1.661048004618073323e-04 1.663600892005029763e+01 1.620333641961191518e+02
1.964882333785077095e-01 1.622467225164098516e-04 1.570607715925862635e+01 1.075381759299559690e+02
1.970536871276055424e-01 1.657816994959148489e-04 1.330666548353032574e+01 7.761948707995122732e+01
1.976259922429931259e-01 1.656548398263570001e-04 1.532836626957535842e+01 7.896005817922376480e+01
1.981968337671215774e-01 1.648743708435729391e-04 1.437430026411129624e+01 7.987591186838963608e+01
1.987649076073500498e-01 1.644838419777039384e-04 1.690959529840437270e+01 8.151181316969002921e+01
1.993382110205279001e-01 1.665245005574342676e-04 1.521022185028708940e+01 8.344922623316723787e+01
1.999092594311902560e-01 1.653975915170942195e-04 1.715559191590183730e+01 8.631308780481575127e+01
2.004775050327681774e-01 1.632132696153190275e-04 1.869504372491513777e+01 1.170868299287187000e+02
2.010472448887819508e-01 1.656269295659925560e-04 1.915894937383179197e+01 1.589087436064232293e+02
2.016136074328978844e-01 1.609125550350789667e-04 1.681996665647491795e+01 1.369057697347783176e+02
2.021821692108862201e-01 1.669410075368543732e-04 1.861329328036356401e+01 1.286010267655825317e+02
2.027546845972609812e-01 1.648786521103165405e-04 1.948823971622147511e+01 1.209133726371145485e+02
2.033234505991677876e-01 1.627817243701184385e-04 1.755270049434124502e+01 1.140656276995732696e+02
2.038890589650429186e-01 1.633884905506646388e-04 1.652221162879190786e+01 1.103547910540093397e+02
2.044563078991866456e-01 1.634848478959048906e-04 1.928073779030674118e+01 1.079230212235741533e+02
2.050309181044366325e-01 1.679849482309571157e-04 2.990475161170483531e+01 4.478967000933606641e+02
2.056052192120658151e-01 1.628431465261789119e-04 3.217220087114129257e+01 5.887573585595866916e+02
2.061731383725521616e-01 1.629573135641026668e-04 2.961382672362611856e+01 4.917569293953803253e+02
2.067424970827703989e-01 1.651934988481173030e-04 2.983806903350849282e+01 4.001730875508746408e+02
2.073118484753536661e-01 1.618344599106812576e-04 2.697687122719468533e+01 3.398140565740818602e+02
2.078795763266520491e-01 1.644460048959850700e-04 2.466844293898265050e+01 3.008110681254728433e+02
2.084477865339623426e-01 1.604430954091103220e-04 2.552315017744755110e+01 2.752596253337897565e+02
2.090159779151617714e-01 1.642922148394388468e-04 2.545609764887221615e+01 2.471229674416984778e+02
2.095878413924421590e-01 1.643933753231822926e-04 2.293856128233690583e+01 2.275781965625949113e+02
2.101586000308748314e-01 1.617428635315935729e-04 2.750316991935363475e+01 3.232439973582647212e+02
2.107254573466961489e-01 1.629801993794165562e-04 3.042127969006548938e+01 3.835080570827942097e+02
2.112954894720326937e-01 1.616304423802452381e-04 3.015678507078263593e+01 3.630935094354551893e+02
2.118664587592574700e-01 1.644979997532971779e-04 2.818187154030558261e+01 3.551305104648000679e+02
2.124378903742842883e-01 1.621838144857629756e-04 2.834157946414816109e+01 3.669803179141108558e+02
2.130081844402901825e-01 1.618951819974519745e-04 2.921088147059085216e+01 3.875868480171287160e+02
2.135756412562742346e-01 1.616072201319093639e-04 2.959289495011352855e+01 4.195692280860241681e+02
2.141431095340998181e-01 1.611655378736936972e-04 2.283045646116358185e+01 2.451677622593329602e+02
2.147124385721021489e-01 1.636614748368391502e-04 2.123413917357573411e+01 2.233230543311754275e+02
2.152825070688314246e-01 1.602194281096502339e-04 2.039903470280853881e+01 2.297766277423233134e+02
2.158522024612828938e-01 1.630543380540852821e-04 1.944987454248428094e+01 2.459075868740847852e+02
2.164236410824103840e-01 1.629265722878290830e-04 1.993395346223612563e+01 2.853982360402461609e+02
2.169946377949703575e-01 1.614293873056614622e-04 2.146370455273767419e+01 3.497473828630083403e+02
2.175605729031298841e-01 1.608637774037720747e-04 2.302671491827453920e+01 4.197909589180957823e+02
2.181288283086519897e-01 1.617843711551033908e-04 2.426044917287136471e+01 4.897332417332750083e+02
2.187016972608919474e-01 1.642231396443989797e-04 2.632364431345909850e+01 5.934210701656472793e+02
2.192735378992489159e-01 1.611346929615922480e-04 1.837276095457783143e+01 2.654485832567409034e+02
2.198420693327713948e-01 1.603161863068486390e-04 1.463584256775241599e+01 1.518244848836553160e+02
2.204093543985171655e-01 1.614543244885158939e-04 1.237776237423922332e+01 9.398523786421581860e+01
2.209762270951374785e-01 1.602609511225768705e-04 1.343610765811070706e+01 1.034207100219696969e+02
2.215452487058755804e-01 1.644569298032381999e-04 1.259201987170255244e+01 1.012244367636967155e+02
2.221175531265534575e-01 1.604596667221471395e-04 1.224777293205658246e+01 1.060816576407040941e+02
2.226836067884225556e-01 1.641978756788750745e-04 1.306328610346183439e+01 1.132063951790750025e+02
2.232565871471269836e-01 1.654563472422474846e-04 1.354650613952290250e+01 1.209512913215521053e+02
2.238289513709997014e-01 1.633945495243986157e-04 1.520436198315869269e+01 1.387490434565482929e+02
2.243956179226320458e-01 1.628117220857341256e-04 1.352929361810040554e+01 1.019137325361876236e+02
2.249622579323688198e-01 1.616562667221704852e-04 1.361344013166321254e+01 9.764802475227064349e+01
2.255311455447983893e-01 1.662036340293565715e-04 1.252215153773065559e+01 9.316674272261651879e+01
2.261044983192986024e-01 1.635928324690665285e-04 1.257839079096625134e+01 8.929648848945110728e+01
2.266764391923482558e-01 1.633405725221041252e-04 1.287130898870526075e+01 8.975881770715784569e+01
2.272439912709065535e-01 1.615019202796340032e-04 1.313553504908026781e+01 8.969419726736784071e+01
2.278139013664074730e-01 1.642265576716775367e-04 1.346138390853609579e+01 9.014666387061609498e+01
2.283832582380851683e-01 1.644072668745012169e-04 2.118788283292149899e+01 3.062539854111452087e+02
2.289524552911576527e-01 1.615693317475860782e-04 2.446057367426411844e+01 4.091421567062434974e+02
2.295202710331086249e-01 1.620251535722585557e-04 2.301088361581620134e+01 3.550469353016260925e+02
2.300871959093564456e-01 1.617623571457540521e-04 2.213619343052992150e+01 3.160735354834849318e+02
2.306618522546517724e-01 1.663902814675192251e-04 2.062513358472268976e+01 2.769909641260829858e+02
2.312318137134390383e-01 1.598658373667324602e-04 2.051519759681372079e+01 2.541954542728177842e+02
2.317962673566430487e-01 1.611564455396415031e-04 2.053919387888920411e+01 2.307884542173172520e+02
2.323703404124705107e-01 1.673400508577830800e-04 2.002236300922813683e+01 2.096519135244046765e+02
2.329439837692619253e-01 1.589836268098670775e-04 1.880427434895272754e+01 2.021835147898737546e+02
2.335114659298857254e-01 1.624810698556080517e-04 3.147828157483724709e+01 4.784292537872444768e+02
2.340784676117972363e-01 1.583079009982498592e-04 3.748825776735574777e+01 6.445353313861382958e+02
2.346440559314566243e-01 1.615761191585021023e-04 3.477335149727227304e+01 5.430946139371113759e+02
2.352162109946593083e-01 1.656428264518911594e-04 3.230105294660196336e+01 4.773995732252197399e+02
2.357866492788111279e-01 1.581699522230724426e-04 3.253459755033742340e+01 4.394417141849955897e+02
2.363520137839480451e-01 1.621030179496580389e-04 3.105298090568341962e+01 4.035887607363999905e+02
2.369224360570307275e-01 1.604043332801944081e-04 3.169992582500167799e+01 3.952920685588841252e+02
2.374956866610479778e-01 1.643549312237813195e-04 2.618362216140686982e+01 3.143654800857268583e+02
2.380662069967962868e-01 1.597833494416389124e-04 2.617775982043993821e+01 3.142498016588851328e+02
2.386333342379401146e-01 1.601441226718258531e-04 2.780888419413818724e+01 3.339730181566087595e+02
2.392017274271848459e-01 1.636248387732169699e-04 2.927460717586214045e+01 3.762780661314531585e+02
2.397723206654768513e-01 1.594821409681062901e-04 3.424915539708435830e+01 5.324492466691834807e+02
2.403405152238884124e-01 1.619867242100131162e-04 3.774715905998934318e+01 6.740417144742243636e+02
2.409082509926589455e-01 1.582889581020021947e-04 4.305789127230289637e+01 8.305794436619097496e+02
2.414770638640361955e-01 1.619142743813924254e-04 4.856834524599852188e+01 1.024267303197616229e+03
2.420490404189070133e-01 1.645065822004798835e-04 5.536483985488104054e+01 1.251914805900823922e+03
2.426219791374604196e-01 1.603270236661396165e-04 3.487500521862137504e+01 5.846327996068163202e+02
2.431897966558229096e-01 1.623466710052170819e-04 2.579805597118159000e+01 3.203164196550698648e+02
2.437585885338764968e-01 1.587824635672277886e-04 1.825123670369109519e+01 1.645341535625365168e+02
2.443321195397998580e-01 1.654770879452878267e-04 1.858051890435363873e+01 1.693938702862348009e+02
2.449019555344580934e-01 1.584190644835381404e-04 1.950485172982389415e+01 1.907352527854581581e+02
2.454698574006988765e-01 1.621617980766555645e-04 1.989005607617266591e+01 1.983248705392481952e+02
2.460386531152553014e-01 1.613210889576790553e-04 2.002285130004482028e+01 2.169839659759936126e+02
2.466069417875106362e-01 1.610054900742378991e-04 2.060412508252835195e+01 2.385863948401268999e+02
2.471787550499228714e-01 1.635064113768841662e-04 2.153121925064668218e+01 2.539610715319965095e+02
2.477462252975766166e-01 1.568873367544441856e-04 1.617443038758243290e+01 1.112536179398821616e+02
2.483158494997526333e-01 1.642325784829425333e-04 1.497230434688250611e+01 9.124113531560369950e+01
2.488887034463093118e-01 1.614011464833368893e-04 1.382796286738684799e+01 8.661180573497779278e+01
2.494559467225234972e-01 1.598927979916951769e-04 1.397378499882003311e+01 8.419062398703357530e+01
2.500256300781771301e-01 1.639148657314904052e-04 1.385102960345870571e+01 8.107432294217795743e+01
2.505960943971381472e-01 1.569585835189714882e-04 1.594827098430236667e+01 9.087438057664962798e+01
2.511642584457539074e-01 1.631625477977721034e-04 1.473949798525675092e+01 8.782048513149211999e+01
2.517365631181963104e-01 1.611795840423848041e-04 2.050342005350590213e+01 1.822283290229611623e+02
2.523076673776112888e-01 1.606759317076454315e-04 2.337702555126451642e+01 2.645245506753121845e+02
2.528733521987859834e-01 1.588408277452627308e-04 2.223220763585432636e+01 2.421352822111764453e+02
2.534399318170733606e-01 1.588063096425600704e-04 2.145185378918481334e+01 2.211456148031913926e+02
2.540097321790817375e-01 1.636898606690593075e-04 1.971285474611118005e+01 2.022406724937977742e+02
2.545834531816237867e-01 1.594613842870269064e-04 1.983228011907221600e+01 1.929810500007796463e+02
2.551542172749352577e-01 1.611213765007465048e-04 1.932384499295558911e+01 1.772142651207614676e+02
2.557234586881669824e-01 1.598786329377084733e-04 1.939214637710592015e+01 1.687678998448428160e+02
2.562940109038467362e-01 1.610105376700829947e-04 1.856598613514166374e+01 1.589694502387329464e+02
2.568601889624640422e-01 1.589817822732972612e-04 4.007053513779217013e+01 6.760285511555722451e+02
2.574224345593013052e-01 1.555507363267833864e-04 4.695616470184730673e+01 8.927991210966961262e+02
2.579918503988470335e-01 1.640288507504054894e-04 4.061329623088677465e+01 7.149982648432547876e+02
2.585670521595814231e-01 1.616809840819627387e-04 3.695061508584254995e+01 6.057406841414763221e+02
2.591400804310073913e-01 1.607799196151777634e-04 3.398780161507441022e+01 5.012099968922670428e+02
2.597058120692336547e-01 1.581738629764479294e-04 3.331282773472435110e+01 4.333416837400471877e+02
2.602720026653607688e-01 1.593761583555327612e-04 3.116161487153851795e+01 3.888060115440534901e+02
2.608430391980737784e-01 1.648035778763600866e-04 2.717585528483405355e+01 3.309646236349588548e+02
2.614127474899112236e-01 1.574078224920886571e-04 2.725326071277952877e+01 3.221587290612489483e+02
2.619822739811669132e-01 1.630623781216024206e-04 3.090124090428229309e+01 3.646011336438547232e+02
2.625523907249259770e-01 1.592330501488723577e-04 3.497658550346646678e+01 4.180435089619932683e+02
2.631209061685340633e-01 1.623623258957730838e-04 3.555278319151788224e+01 4.410930603116517545e+02
2.636915847485185593e-01 1.621968744211452500e-04 3.665213232640972052e+01 4.838408324583751323e+02
2.642596728218545854e-01 1.584509868928402380e-04 3.892861536794182342e+01 5.479968375696283829e+02
2.648265275477353353e-01 1.629230739420727729e-04 4.052862421008598659e+01 6.350273153480783321e+02
2.653992878217650841e-01 1.617840797429449080e-04 4.433356482749430683e+01 7.378246214121924140e+02
2.659688711807106087e-01 1.597957075905335946e-04 3.252803798696167092e+01 3.893207157920257941e+02
2.665357413565713207e-01 1.654105519172144355e-04 6.565395621474728216e+00 2.785128851551894158e+01
2.671080069537516422e-01 1.626701277106688489e-04 6.197743811626031274e+00 2.347334936375156289e+01
2.676768556070643901e-01 1.691801940646858466e-04 4.868006692366193100e+00 2.022454907490683240e+01
2.682493300541755610e-01 1.614220267119013139e-04 4.816792639885717264e+00 2.035401315776183750e+01
2.688177513807972763e-01 1.662996379824703617e-04 5.256387164304016757e+00 1.988335044704488297e+01
2.693851577249113949e-01 1.603863392897897778e-04 5.331201967607202441e+00 2.113033489160971357e+01
2.699589538042458381e-01 1.693590433343603269e-04 5.268208969138941988e+00 2.053951574651185297e+01
2.705341379607629770e-01 1.651212915366971612e-04 5.415247915937842826e+00 2.064429981052073870e+01
2.711011187788506249e-01 1.613591504621344759e-04 5.723146920450226993e+00 2.234153474514354798e+01
2.716634305998492649e-01 1.656227339408235428e-04 5.285713565686995352e+00 2.113939959106320998e+01
2.722363973262479364e-01 1.655325742006511381e-04 4.986093744652018600e+00 2.077827725186945429e+01
2.728100469150475105e-01 1.646080381434411035e-04 5.386652090803937476e+00 2.130751169381390753e+01
2.733737974913508229e-01 1.603812073584732687e-04 5.261505148153708511e+00 2.100873685449587569e+01
2.739450060752051663e-01 1.674346389119041735e-04 5.340731038576027601e+00 2.160127522072055584e+01
2.745190854421674653e-01 1.671958227816528961e-04 5.107748485593376131e+00 2.132413115866021514e+01
2.750860360129060433e-01 1.603928582067623066e-04 5.310905360128448827e+00 2.123958229266944642e+01
2.756531483706411434e-01 1.675800991109693957e-04 6.074888467605811471e+00 2.327386813413640354e+01
2.762191509196462724e-01 1.571580316994554676e-04 5.402338710753060269e+00 2.156448891007303104e+01
2.767946891449373781e-01 1.727807510246506546e-04 6.272437499112245796e+00 2.402027554321797709e+01
2.773728629459866202e-01 1.622121328489713643e-04 5.777133333784545854e+00 2.209673744631182402e+01
2.779371867597200674e-01 1.619258433042512649e-04 5.656712044407198547e+00 2.283753566051873207e+01
2.785030517972970077e-01 1.661461027007162493e-04 6.009587839715226920e+00 2.256493772727750624e+01
2.790701103365197389e-01 1.598624171474177726e-04 4.845688291923850421e+00 2.027648986800780051e+01
2.796369973446206081e-01 1.681679944273129737e-04 6.338052265048720990e+00 2.252192971678563183e+01
2.802122481591007297e-01 1.628783220825105727e-04 5.597934175524367006e+00 2.239319442518654313e+01
2.807814447325423513e-01 1.630021627206631790e-04 6.808694528630955034e+00 2.438123925452121910e+01
2.813507440450861430e-01 1.679084512411662376e-04 5.156334723334972558e+00 2.142772431108218356e+01
2.819294121784565732e-01 1.650414168698367942e-04 6.517824530371719938e+00 2.329340971794572823e+01
2.824933218105669663e-01 1.632625654587590907e-04 7.031066281796203299e+00 2.420884529021005349e+01
2.830558459602667276e-01 1.592328650061676694e-04 5.366231962895469110e+00 2.156822212186927956e+01
2.836299621051653896e-01 1.706053056541118539e-04 6.668464439201073013e+00 2.414461508645623411e+01
2.842019016406961973e-01 1.607653964444970458e-04 6.456237479539756130e+00 2.307376009943718742e+01
2.847735041085992513e-01 1.661736289433421595e-04 6.912967789796748086e+00 2.389774829322124461e+01
2.853383343842999520e-01 1.604106330407255158e-04 5.890867427884109553e+00 2.180982851088697672e+01
2.859001105270350673e-01 1.625281733591516322e-04 5.551794388067778030e+00 2.161965258476913476e+01
2.864773547108612206e-01 1.728053861564002552e-04 7.898424975452050134e+00 2.524746303116308965e+01
2.870490655843047079e-01 1.546686013184032232e-04 6.256467510199886561e+00 2.255918533794626413e+01
2.876156672774900502e-01 1.683300286879280193e-04 7.642038949664527792e+00 2.487080824193889939e+01
2.881893994962486105e-01 1.636140665573873913e-04 6.643342159775613709e+00 2.338790818894861800e+01
2.887620659783757815e-01 1.663229042124239002e-04 7.003321705134419872e+00 2.361264074801091439e+01
2.893287635119551893e-01 1.627586881204245084e-04 6.399018096871952999e+00 2.178161734506110747e+01
2.898858947905365024e-01 1.550493608221591374e-04 5.736778721872730635e+00 2.238394050571549698e+01
2.904555765409209123e-01 1.724965947962641452e-04 7.024509224536993557e+00 2.362271948592096393e+01
2.910346409359119146e-01 1.617892336113324462e-04 6.146145775346108842e+00 2.247355889340724033e+01
2.916068239384930760e-01 1.661801254064748212e-04 8.506770207927914385e+00 2.615220688220813727e+01
2.921678610368435569e-01 1.582529440533684130e-04 7.814484439951691286e+00 2.547780145551272568e+01
2.927412532944896340e-01 1.703052677914026493e-04 6.759201571899061456e+00 2.393824363871786431e+01
2.933161240604457154e-01 1.675421732219235565e-04 9.473806166083317493e+00 2.688307034424349595e+01
2.938833472442378691e-01 1.576043743378549751e-04 7.327045341348839891e+00 2.341394357070250010e+01
2.944489411806277546e-01 1.660621474689806542e-04 8.709529201143173083e+00 2.543311962330322373e+01
2.950217130627594830e-01 1.654412990181688720e-04 7.765244336477117315e+00 2.517719522030883894e+01
2.955999165491461911e-01 1.669006887487419497e-04 8.806511715711232924e+00 2.521284527279167875e+01
2.961615549408742054e-01 1.601135343258092690e-04 9.271765510967668433e+00 2.660143828626653217e+01
2.967214973067989758e-01 1.602885789962455278e-04 8.869676327545613859e+00 2.555742996280022794e+01
2.972949274341802894e-01 1.739944332637479189e-04 9.101236997171463727e+00 2.662048685502798762e+01
2.978707648711936828e-01 1.572046175802470412e-04 9.061549693584357357e+00 2.542128909119622904e+01
2.984421981126801349e-01 1.701360676824621048e-04 9.550592077952341441e+00 2.601250327818115338e+01
2.990137314468128138e-01 1.579647492053972053e-04 9.790076335590050860e+00 2.803914005380055485e+01
2.995833714450384933e-01 1.681549430373305743e-04 9.981926929872562582e+00 2.755349582757365567e+01
3.001536433559279238e-01 1.641505183805624663e-04 9.512873215403017113e+00 2.708411442615480880e+01
3.007089347660210077e-01 1.551596372855003141e-04 1.030982089077036967e+01 2.738224527539404463e+01
3.012781619116192688e-01 1.735028756491792444e-04 1.065336276131392168e+01 2.833889024777046828e+01
3.018574366694128930e-01 1.584019063096001934e-04 1.114607499257005152e+01 3.005903382677198721e+01
3.024289395504944911e-01 1.674491045462992594e-04 9.412078094785197635e+00 2.464085486706404282e+01
3.030018919725295246e-01 1.635036359586038764e-04 1.165124292889708002e+01 2.912848925444866666e+01
3.035751571684730532e-01 1.627876958212383135e-04 1.096836449627670618e+01 2.809405765936374877e+01
3.041375092294530957e-01 1.673103357467548024e-04 1.023058777034987621e+01 2.699416851631756131e+01
3.046978488124151285e-01 1.517223635811489882e-04 1.180472778008229540e+01 2.951286285471764970e+01
3.052631932666221570e-01 1.724018470987489257e-04 1.217757079125496666e+01 2.931699137862325344e+01
3.058414739766376900e-01 1.590727949740650224e-04 1.125080943901066277e+01 2.716294070759450818e+01
3.064183772367459757e-01 1.691559572752462026e-04 1.015301285859673364e+01 2.687841120113323257e+01
3.069836758021019518e-01 1.595980928806104825e-04 1.255417528314665709e+01 2.932590764598018396e+01
3.075567497921065652e-01 1.682744508754374852e-04 1.213956367672957448e+01 2.766125692696826377e+01
3.081247620241766572e-01 1.666271491155761988e-04 1.134711171293691478e+01 2.731020241277055050e+01
3.086829708641709025e-01 1.541644635526342219e-04 1.095177275713328235e+01 2.810159956228796219e+01
3.092557745607837916e-01 1.739702910918379606e-04 1.081303121382451060e+01 2.632373648561507906e+01
3.098277900971050380e-01 1.533823327789437271e-04 1.183074998140358858e+01 2.733967406129373856e+01
3.103945532978509281e-01 1.694975805675558969e-04 1.127030762436976552e+01 2.783642708613569638e+01
3.109692690402263149e-01 1.643931499725054257e-04 1.362831731756368292e+01 2.965685393812442427e+01
3.115349110407769628e-01 1.610900940311552217e-04 1.106495140332675398e+01 2.701179256468165946e+01
3.121047550230624523e-01 1.729490143196100733e-04 1.265305531588902355e+01 2.848134907089127310e+01
3.126758909169974898e-01 1.543615319769908278e-04 1.318263026227611512e+01 2.911068484086670338e+01
3.132460391927893717e-01 1.726740177362028538e-04 1.231647932858491146e+01 2.866849436583917310e+01
3.138253229428920599e-01 1.605978734071669646e-04 1.221085836122872159e+01 2.715346891447738642e+01
3.143962454508686388e-01 1.664329875547105285e-04 1.447442071701151178e+01 2.927979234899046546e+01
3.149627483159684882e-01 1.647989719551448305e-04 1.274936345944317573e+01 2.744450286768795877e+01
3.155301890138590415e-01 1.618028587292005751e-04 1.374207385589085284e+01 2.910491349378321857e+01
3.160934636760825422e-01 1.655712425406689902e-04 1.381228945095848282e+01 2.790823671216969970e+01
3.166595504206625167e-01 1.615108155492614417e-04 1.285378806697019094e+01 2.671073984068127061e+01
3.172387701267368465e-01 1.696685134913619687e-04 1.508749437687345996e+01 2.986050356253763027e+01
3.178134564614669144e-01 1.634266017480859475e-04 1.397822822835699519e+01 2.783118969680239374e+01
3.183784306782566076e-01 1.603191832837300656e-04 1.373024098054105302e+01 2.728926927726491058e+01
3.189483459721395575e-01 1.694854084949991464e-04 1.432724474238225376e+01 2.859650831947571348e+01
3.195211295545258845e-01 1.613391348088828964e-04 1.593191672240898171e+01 2.939010141143467436e+01
3.200844246979377417e-01 1.618637800067667418e-04 1.387146243749145391e+01 2.776534891822835505e+01
3.206501136664306473e-01 1.657406541711505671e-04 1.526857633679442294e+01 2.846491350571197643e+01
3.212223250359272919e-01 1.623303894959950264e-04 1.717064582643873294e+01 3.147312796551239700e+01
3.217907094521592626e-01 1.655950593048110511e-04 1.636543625841393634e+01 2.914525912511927075e+01
3.223629283479844121e-01 1.653864459903858493e-04 1.516019768680246926e+01 2.822181247604221710e+01
3.229316971520689861e-01 1.602085107869418042e-04 1.523054775689080742e+01 2.750146706952832432e+01
3.235036560838011055e-01 1.705803039664167172e-04 1.733336227645596850e+01 3.110364989895939303e+01
3.240743383243098186e-01 1.567218674250160312e-04 1.675043966387976724e+01 2.829752706693549769e+01
3.246360568149493364e-01 1.658510050207315874e-04 1.734972352392908235e+01 3.058779652998451581e+01
3.252035616082167846e-01 1.620691630931473954e-04 1.662068332897494116e+01 3.017065173717322679e+01
3.257734432214398068e-01 1.646655148928050246e-04 2.021905254897583148e+01 3.201662228537080779e+01
3.263451803590320388e-01 1.659577992820021532e-04 1.534516754411316342e+01 2.690549789865475105e+01
3.269081188959307438e-01 1.587951546267656966e-04 1.662192894750743832e+01 3.033954512534776526e+01
3.274791216153101758e-01 1.690721790378726453e-04 1.776426332488684778e+01 3.155236438454069514e+01
3.280517887336155680e-01 1.632555727679293122e-04 1.672767840403350803e+01 3.014703730271828874e+01
3.286213122964714017e-01 1.659015771476073033e-04 1.838315055886915772e+01 3.292029500358690797e+01
3.291919827540599752e-01 1.646076146698155799e-04 1.533865714246403478e+01 2.876602814084697357e+01
3.297669376550523279e-01 1.695879027850169508e-04 1.680173765506323846e+01 3.044758078700589010e+01
3.303385722168437622e-01 1.589889791576853148e-04 1.655453637346700546e+01 3.110512075937674226e+01
3.309096277886455217e-01 1.717444313284584789e-04 1.810168980163229335e+01 3.237766720029924272e+01
3.314868707140175563e-01 1.627443544213365571e-04 1.450996664712912221e+01 2.764054394221444610e+01
3.320550238145351662e-01 1.634323260297636281e-04 1.704766232290138106e+01 3.082633171412213358e+01
3.326145760864327450e-01 1.621203809574514837e-04 1.551506809240758855e+01 3.307825872079725826e+01
3.331768055610401791e-01 1.639129166349989955e-04 1.333820202939383215e+01 2.642691666082615143e+01
3.337494300413678117e-01 1.648638519366796328e-04 1.590896845162301254e+01 3.173892623672116642e+01
3.343196199196089569e-01 1.663637700280773727e-04 1.169744243782885462e+01 2.449368777339869752e+01
3.348876242395068537e-01 1.611683006042058603e-04 1.237981067730292395e+01 2.661542696221408377e+01
3.354600261782513804e-01 1.669532734623875396e-04 9.879660194505277104e+00 2.254631032915708744e+01
3.360297693195738455e-01 1.651634999870907556e-04 9.987941833187894858e+00 2.289231687149975158e+01
3.365959666193622524e-01 1.628129385391020390e-04 7.955410076037994216e+00 2.157341041738735044e+01
3.371687741209966616e-01 1.651729612492906926e-04 6.757253877666204112e+00 1.599783722406722397e+01
3.377348941050817843e-01 1.668915181576936574e-04 7.146859752677242383e+00 1.668796815822705426e+01
3.383002765121259081e-01 1.574138269744715867e-04 5.424023313111054456e+00 1.394485487224043396e+01
3.388693425931229575e-01 1.664701846962407744e-04 4.223589843522245424e+00 1.015240998834407726e+01
3.394438837371425155e-01 1.684089392122418245e-04 2.686208648581606795e+00 5.775893588490194297e+00
3.400286930615567527e-01 1.666123676310503408e-04 3.499937870495040126e+00 8.477093317353013191e+00
3.405936403509234878e-01 1.551971672240187153e-04 2.482804332681860515e+00 5.839520528262573507e+00
3.411378029607844975e-01 1.627733581688670236e-04 2.081561349072362344e+00 5.037807200066468205e+00
3.417035351013864575e-01 1.610024093152836403e-04 1.945134148708342225e+00 5.935058002649147291e+00
3.422710637925043264e-01 1.630304437482838484e-04 8.031225963733564788e-01 3.743438704364388858e+00
3.428599401353361054e-01 1.768514766568868172e-04 1.448428376195086908e+00 3.815917254055166463e+00
3.434354053084029967e-01 1.492681715833363331e-04 4.210405805227915299e-01 2.517935662402834840e+00
3.439944748104987737e-01 1.658416658077908586e-04 1.127486201590081283e+00 4.291823981295103785e+00
3.445860787803995406e-01 1.766346570300815217e-04 9.577109324882898678e-01 4.242640687119284770e+00
3.451337342098141914e-01 1.349649485745031837e-04 0.000000000000000000e+00 2.622022120425378855e+00
3.457362390619622694e-01 1.898164454998164941e-04 4.473042450938037318e-01 2.449489742783178325e+00
