# q qerr q^{ 0.25 }*I(q) q^{ 0.25 }*I(q)err
5.674929039305736831e-04 2.844972107948976880e-04 1.901740137107700512e+00 2.776090125489382032e+01
1.148899370130779425e-03 1.593506736090453848e-04 8.223449721659463307e+00 3.585600058257722367e+01
1.690528571858088179e-03 1.607778195237353277e-04 4.297616575221481661e+00 2.865105087164139164e+01
2.241866674943214510e-03 1.624380793292098057e-04 3.635679372981234003e+00 2.976289403117766597e+01
2.823089956553034678e-03 1.787958159578247833e-04 3.260254972676272178e+00 2.882668835354673575e+01
3.397691792008107527e-03 1.654200107260591994e-04 2.778106738127339881e+00 2.808508672624575198e+01
3.955905906185787878e-03 1.581242633162599563e-04 2.343699130756712989e+00 2.437685977555367245e+01
4.519315497203105388e-03 1.683468328344326747e-04 1.300591681357933815e+01 2.876073291460888868e+02
5.094624480167554877e-03 1.662435421534576264e-04 1.695060583440393742e+01 3.606553938841828426e+02
5.671667658710049208e-03 1.752760759842015225e-04 2.808594361817905138e+01 3.501335466479629872e+02
6.229435306002196852e-03 1.566941657328803285e-04 1.748622862236136655e+01 2.140819542707157552e+02
6.818425326918784932e-03 1.698659042947616045e-04 2.729782615452659655e+01 3.526794344002144044e+02
7.392546870843330446e-03 1.666475300425771769e-04 2.254313710765206480e+01 2.820985272560373005e+02
7.958735922135976720e-03 1.616219573196543788e-04 1.960013797589492057e+01 2.359288949201668686e+02
8.523351536763364850e-03 1.651414567132583546e-04 1.596569224222811023e+01 1.917292454584057282e+02
9.082177839432660840e-03 1.612368320144011544e-04 1.986467114399984624e+01 2.296677353641490811e+02
9.653289543242585258e-03 1.734477465576669993e-04 3.446984234435825556e+01 2.780015447191132125e+02
1.022632910579091697e-02 1.656498643276444491e-04 2.214531052879985751e+01 2.228807303443878709e+02
1.079378886745451134e-02 1.666241285096857038e-04 2.254605145565161806e+01 2.145910030799374510e+02
1.136322232886073993e-02 1.657395509400995924e-04 2.129584285509488950e+01 2.083768376706669869e+02
1.192487803400927096e-02 1.598068237739880368e-04 3.358951857338592362e+01 3.102797904343755135e+02
1.250107846052310803e-02 1.758130933935119508e-04 2.490646951439260803e+01 2.627101897678701903e+02
1.308013446480046395e-02 1.632003798560462853e-04 2.596286853298806818e+01 2.582552441334909759e+02
1.364529727767590378e-02 1.636500483111470142e-04 2.147240129628173122e+01 2.018627508532044317e+02
1.420711257824900688e-02 1.632274629034310010e-04 1.870777995264424121e+01 1.906442126681724005e+02
1.477622771744476447e-02 1.660652488222497678e-04 1.684981959229291704e+01 1.965908074447358729e+02
1.535205590902211266e-02 1.691173193363761497e-04 1.785562638839452987e+01 2.265838257002805278e+02
1.592141408496132449e-02 1.606268769112478021e-04 2.143912989576040928e+01 2.485128765800602082e+02
1.648727759634203288e-02 1.683231996598719767e-04 1.732620968149033658e+01 2.671221083714457905e+02
1.705712208282728418e-02 1.663414770258688099e-04 1.890031760640922087e+01 3.191462635646216768e+02
1.763195912570766563e-02 1.635018512689289153e-04 1.182126965629770510e+01 1.589987901660229568e+02
1.819607168035014197e-02 1.684424408021118911e-04 1.413636074702769108e+01 1.917308731055665874e+02
1.875870703073690554e-02 1.582377186662897641e-04 1.276252539666431218e+01 2.305554772377359996e+02
1.932677667244641836e-02 1.651583032282129043e-04 1.579873483112850074e+01 2.830025073991492377e+02
1.990329311346715827e-02 1.671760846201205894e-04 1.305820044092502918e+01 2.119376021432159689e+02
2.048092620250665727e-02 1.603971381583346560e-04 8.850411054177621750e+00 6.855882905921139070e+01
2.104464476282554355e-02 1.602337383903214025e-04 7.873585804936600319e+00 6.374479644703616543e+01
2.161114527896519297e-02 1.607033082626155708e-04 7.468826530322019153e+00 6.835551802460412318e+01
2.218133410754839774e-02 1.655552938162110899e-04 9.069612164044007940e+00 6.991430036999153685e+01
2.275185259835647150e-02 1.618820481130585603e-04 8.517281270613370481e+00 7.327187284633295405e+01
2.332495775814624403e-02 1.642487956110087733e-04 7.816011903760879953e+00 7.618227320052874063e+01
2.389088285140539628e-02 1.577065762391947857e-04 7.193942695028726853e+00 6.225089810786791844e+01
2.445923729321806961e-02 1.652478754713913303e-04 8.222978984474778485e+00 6.611189787535457185e+01
2.503496178947177062e-02 1.651494830160459568e-04 8.123739117923937769e+00 6.929862260398249418e+01
2.559778794607868793e-02 1.552884428917792757e-04 8.066162378294372104e+00 7.621476576449741458e+01
2.616085406419820653e-02 1.634993579041898472e-04 7.382882620195914569e+00 5.301823154570260499e+01
2.673466598694612326e-02 1.659473723571959416e-04 6.849087286726189383e+00 3.508014919106054208e+01
2.731115693516828272e-02 1.632758392516604881e-04 9.754667761059220510e+00 8.609093600773901755e+01
2.788118685142516526e-02 1.621574962242474424e-04 1.039095280992376580e+01 1.147311016964895174e+02
2.844334218658856744e-02 1.575568508801520565e-04 1.071424303048462434e+01 1.006402886057248622e+02
2.901128934261586884e-02 1.666863616080674739e-04 9.531457453767785637e+00 8.892990939346282175e+01
2.958334755515614270e-02 1.636364590833695352e-04 9.950239739585692078e+00 8.492810943524382594e+01
3.016005481025983703e-02 1.663033300384563862e-04 1.110716886561998429e+01 1.068029391432927326e+02
3.073541670121657243e-02 1.610394776267720098e-04 1.022463241293890590e+01 1.024443763500305522e+02
3.130202113967314043e-02 1.601611386835888914e-04 1.056634175555484312e+01 9.033313563624560061e+01
3.187829616083302092e-02 1.617314655979870588e-04 1.641326288897110786e+01 1.856609588186603332e+02
3.243116544564791232e-02 1.538608760869338953e-04 1.602732953497204704e+01 2.363604374725688331e+02
3.299216766677993268e-02 1.611233124514211226e-04 1.339471403458417953e+01 1.837705072901867993e+02
3.356736398329099313e-02 1.663454620882158432e-04 1.438308535650996056e+01 1.748694151195357449e+02
3.414402660727465511e-02 1.640382449361125745e-04 1.553605913444519615e+01 2.067408810661306688e+02
3.471130967831000808e-02 1.630032768676974132e-04 1.950831759634585438e+01 3.469923789311989140e+02
3.527735698771047868e-02 1.586001804608078701e-04 1.852543830721171148e+01 2.969465922601764873e+02
3.584212235715712042e-02 1.639966754556168333e-04 1.620528424769267772e+01 2.439717861423659429e+02
3.641360588793606662e-02 1.657583269312397649e-04 1.360370895337433339e+01 1.972800604613519511e+02
3.699204988164981472e-02 1.675000753634397783e-04 1.180614547061827047e+01 1.613267598905715658e+02
3.756614079521862493e-02 1.629487981199718039e-04 1.182285007282887257e+01 1.367163630554645408e+02
3.813173457968466878e-02 1.601709563038417852e-04 1.255725672739216314e+01 1.602301948941123442e+02
3.870123861937398851e-02 1.665320094485753287e-04 1.332199237128222258e+01 1.801834722538928020e+02
3.927038477907367903e-02 1.595739901444135473e-04 1.252540966458346539e+01 1.982588017722125642e+02
3.983223020581289769e-02 1.600525917385948560e-04 1.319742621069502064e+01 2.367297102641608433e+02
4.040319254749303451e-02 1.629847608929755492e-04 1.530244727736931765e+01 2.782334300120072044e+02
4.097847983742942957e-02 1.637423276387615315e-04 1.091851779638766828e+01 1.441806599116269183e+02
4.154845757908610243e-02 1.632858927968540170e-04 9.151880260932928834e+00 9.627882677687976809e+01
4.211096617867943898e-02 1.591954733700759082e-04 7.370830596278018731e+00 7.391285776874649116e+01
4.267479996429063283e-02 1.626922294717144508e-04 7.340326876626358299e+00 7.487746311647195796e+01
4.324894861578967853e-02 1.648791604420656303e-04 7.307420215355547199e+00 7.404701292996649897e+01
4.382259982426141981e-02 1.648119453955710235e-04 7.498322206259039113e+00 7.871993118481125862e+01
4.439684817608391398e-02 1.657857907598298485e-04 8.034105068807205541e+00 8.794001458612920885e+01
4.496810105634749255e-02 1.605461979391622574e-04 8.195443228290454130e+00 9.344975661255332966e+01
4.554171224836644355e-02 1.614682433042145099e-04 8.748628330295805000e+00 1.045870097375133128e+02
4.610155748578476098e-02 1.611681308731387956e-04 6.828665889256239296e+00 6.747531464958521497e+01
4.666878268161533255e-02 1.633706314247453106e-04 6.572927538240834089e+00 7.257649621713846955e+01
4.724179112493420707e-02 1.640064362845387305e-04 7.466258815943460192e+00 8.215384771715302747e+01
4.781485863682106985e-02 1.603970986623863418e-04 7.595095898218183095e+00 8.957163607211585088e+01
4.838090364323261588e-02 1.627767526220613541e-04 7.527519824420740413e+00 1.040594342299430366e+02
4.894660559372156217e-02 1.600077588688515891e-04 6.718702269182481146e+00 7.597369310935333431e+01
4.951392975822679204e-02 1.634972655076515600e-04 4.879994355981562393e+00 2.946462610720751840e+01
5.008115425656571584e-02 1.603631424906807766e-04 5.085422576088017621e+00 3.117774321102351465e+01
5.065256697268687158e-02 1.664439466334601014e-04 5.921433190601522512e+00 4.231232117260136505e+01
5.123133419340119427e-02 1.667486900368933577e-04 6.595110705547165608e+00 5.730782267031422350e+01
5.180421108800337127e-02 1.611095602893855170e-04 6.168364553024217933e+00 5.252011478231368358e+01
5.236713679473175426e-02 1.603377452188200906e-04 5.878870915449534884e+00 4.938962007830767220e+01
5.293154350511707074e-02 1.605256493091678871e-04 5.868166603849545915e+00 4.671944429709728297e+01
5.350294899456310010e-02 1.654539019890845816e-04 6.498788173250675371e+00 5.566300690767999981e+01
5.407783127769403425e-02 1.644366395932839436e-04 6.316348489405799072e+00 5.417363049475259373e+01
5.464518700993563349e-02 1.590918667890646085e-04 6.276079097070390134e+00 5.193792971062154606e+01
5.521180254731322679e-02 1.639690274967515408e-04 9.392980580583341066e+00 1.499643880413463251e+02
5.578118974576895539e-02 1.623934658103401852e-04 1.066520603380529941e+01 1.905102421528139871e+02
5.635204012334044110e-02 1.654459582011890610e-04 9.307461616034222729e+00 1.554159196422991727e+02
5.692194091187841726e-02 1.625987328923687999e-04 9.951337101041710653e+00 1.356303087742242042e+02
5.749478002898722462e-02 1.655984877751828300e-04 9.564837224702275265e+00 1.327680476747216005e+02
5.806930997482655232e-02 1.655746571821645468e-04 1.197907625558890921e+01 2.048690133514068066e+02
5.863764960575895691e-02 1.619312658378289417e-04 1.101360361428750245e+01 1.759236811708942980e+02
5.920538301250988927e-02 1.643971387980548010e-04 1.021509052397449402e+01 1.502096751354027901e+02
5.977124795561390702e-02 1.608666510810117102e-04 9.172836872724303703e+00 1.280214338351917434e+02
6.033874205823501480e-02 1.647868771213089787e-04 9.930645300665190689e+00 1.221603223671423564e+02
6.091325274162821130e-02 1.670864426803059786e-04 9.516359059297890610e+00 1.161538942431241566e+02
6.148502541354739642e-02 1.622556436834592466e-04 9.766414021858096817e+00 1.166347553134474850e+02
6.205189136096481151e-02 1.633157011047392103e-04 9.907412859816425055e+00 1.151937637942717458e+02
6.261854057389056039e-02 1.632174873325562328e-04 1.061444097515103024e+01 1.275928621700710863e+02
6.318914383441272264e-02 1.653760971298145642e-04 1.161513247960107442e+01 1.561282355614848143e+02
6.376023449301351786e-02 1.639035598801139970e-04 1.183636465636787172e+01 1.629503305673381135e+02
6.432803307533360715e-02 1.621645700903011529e-04 1.001259717823080919e+01 1.194221390310247273e+02
6.489856998451654091e-02 1.669862521714594579e-04 9.281118380517767719e+00 1.103911624271390224e+02
6.547274804449723651e-02 1.640885159182881579e-04 9.038140305489880788e+00 1.118060516642920561e+02
6.604180489849272029e-02 1.646639673704165785e-04 9.135642086138044959e+00 1.199582285806962716e+02
6.660623119719892571e-02 1.592929675731703267e-04 8.937933758541946716e+00 1.098746738804559016e+02
6.717024245245407921e-02 1.633539662043708850e-04 7.684332022837635279e+00 1.014383874986453264e+02
6.774389482141124352e-02 1.675576388295976283e-04 7.593618363940336735e+00 1.088407982955024238e+02
6.831826847514600731e-02 1.637923581578484378e-04 8.529134987881860752e+00 1.280585982957779834e+02
6.888705730474702082e-02 1.652744253581401798e-04 9.085385065166883933e+00 1.462916209053254306e+02
6.945542383473701786e-02 1.629104493176388108e-04 7.723681352048098248e+00 1.026916939983655226e+02
7.002342773589911862e-02 1.648151485242108744e-04 7.441261410742940008e+00 1.030095097201475767e+02
7.059366999044673630e-02 1.662550227318501748e-04 6.954091893938652014e+00 1.110342813178451848e+02
7.116506368401853688e-02 1.625838995224176237e-04 7.508541801574390107e+00 1.364623637776183216e+02
7.173435402599639965e-02 1.652084184602575149e-04 6.770206003842057285e+00 1.063589629967511456e+02
7.230413345010822113e-02 1.637183997182977205e-04 4.377408652895050878e+00 3.159307345543904333e+01
7.287535309411086182e-02 1.672417923450074428e-04 4.468201832477522117e+00 3.310894796147663754e+01
7.344264351459812989e-02 1.615107883662340199e-04 4.481846392021974879e+00 3.535925068642121261e+01
7.400874308516815214e-02 1.643358076012312692e-04 4.952495062790064573e+00 3.756594264450042431e+01
7.458027476342153628e-02 1.675440758529865104e-04 4.951069533981938164e+00 4.184861428352823509e+01
7.515360206925635056e-02 1.659007866472888876e-04 4.744437193476120029e+00 3.745462027294220775e+01
7.572653043280640206e-02 1.667703897627628403e-04 4.383953937140402601e+00 3.479429730305820101e+01
7.629257439157649534e-02 1.613026437962709273e-04 4.506017375654492341e+00 3.722426432400419571e+01
7.685854794482006869e-02 1.655132643693588959e-04 4.567051071681767382e+00 3.854240108064744419e+01
7.743095484667150696e-02 1.663188505340156562e-04 4.104331455349358393e+00 3.008723952952961866e+01
7.800307387325174091e-02 1.646088130976341784e-04 3.941169033781659170e+00 2.722747054898812635e+01
7.857285937600359815e-02 1.642827697957887148e-04 5.718510543385674438e+00 8.632726974161320754e+01
7.914030433697126499e-02 1.644038741673722285e-04 6.240765668983213388e+00 1.104484749659982867e+02
7.971363909789573599e-02 1.686246663258572599e-04 5.640778756711140041e+00 9.290902153806166552e+01
8.028336742288347261e-02 1.630175830377963476e-04 6.089327451536794555e+00 8.196473301492542873e+01
8.084657461908631437e-02 1.624830525152602299e-04 6.169976435657214431e+00 8.024199921003310010e+01
8.141576836553932051e-02 1.669327409291318032e-04 7.061021283086172495e+00 1.100829496259063944e+02
8.198999899294683036e-02 1.665678872732673699e-04 6.681790280200698540e+00 9.679721181651312634e+01
8.256291600642022555e-02 1.667742795597147189e-04 6.290177736004049613e+00 8.695003514649413034e+01
8.313017350722522181e-02 1.622220755033760729e-04 6.128499718325331358e+00 7.894365455944631549e+01
8.369804984259203440e-02 1.664688827049269940e-04 7.521753958557295228e+00 1.039483792873298711e+02
8.427145695211719911e-02 1.665250916999540221e-04 7.794829835980019439e+00 1.191788284476616013e+02
8.484322389617167393e-02 1.637586992165824878e-04 7.381768278913883208e+00 1.056370819166721020e+02
8.541128619399389332e-02 1.638398048391557582e-04 7.951375790200708948e+00 1.007856076792602806e+02
8.597509273105490013e-02 1.644107441723988399e-04 5.280632861142602330e+00 8.328577784999797018e+01
8.654469928656065292e-02 1.672242711847612485e-04 4.806039337946421242e+00 8.110265811563095895e+01
8.711602704802673403e-02 1.664756484490882563e-04 4.866150086766618088e+00 8.192853872453906661e+01
8.768297517393514040e-02 1.629738329798275699e-04 3.711224700524416331e+00 5.241962319480067833e+01
8.825290032547439267e-02 1.677753802148126223e-04 3.092255013971665800e+00 4.236937272839119117e+01
8.882728963116363896e-02 1.660840529133248355e-04 3.018669278685905955e+00 3.946755974680685597e+01
8.939873099459381967e-02 1.674600101650153944e-04 3.163457130955639851e+00 3.804244359365979733e+01
8.996574992076772359e-02 1.625954485546293369e-04 5.319977435902510265e+00 9.798521760998924890e+01
9.052975174956454096e-02 1.641884755214948822e-04 5.745065780947088641e+00 1.178775514195356635e+02
9.109728160029302579e-02 1.665878210071322293e-04 6.205860418895446706e+00 1.410453948816023342e+02
9.167360308611512132e-02 1.691673024739786862e-04 6.741719993601240191e+00 1.670847487893742311e+02
9.224630046812692941e-02 1.661180387969159406e-04 7.970728804154282088e+00 2.126251316461892600e+02
9.280964568107687163e-02 1.622004669329406214e-04 4.872369838152970978e+00 9.340688112069474869e+01
9.337787253947693600e-02 1.693425656590344841e-04 3.653513855089259632e+00 5.148449053311111356e+01
9.395095418203168458e-02 1.671756127807440728e-04 2.701889327741781699e+00 2.867285245128150706e+01
9.452173027257999849e-02 1.664324071683900906e-04 2.703361512017180335e+00 3.020950535322839769e+01
9.509326738515321009e-02 1.669069438581976313e-04 2.726446078952495355e+00 3.149424827028412111e+01
9.566272265491507221e-02 1.645312906553754331e-04 2.880522786913668476e+00 3.496228996601323757e+01
9.623155192590433782e-02 1.679894106670357307e-04 2.929829922098750927e+00 3.769452189296239197e+01
9.680127410679029154e-02 1.658827779818066437e-04 2.889384103373794588e+00 3.950203708076019637e+01
9.736705924256724987e-02 1.641594083169862182e-04 3.176685228637338820e+00 4.155372026172900490e+01
9.793397891459672266e-02 1.671298929232743204e-04 2.496558456311956942e+00 2.261069160307758352e+01
9.850609229929045696e-02 1.670469061983355678e-04 2.506822870858798069e+00 1.987346626498919022e+01
9.907763528137655817e-02 1.686261721501068134e-04 2.258788771377185256e+00 1.867634167917581678e+01
9.964620103317545219e-02 1.646969559683391672e-04 2.112777031590288068e+00 1.714332059477793635e+01
1.002153546806325707e-01 1.683661006222900484e-04 2.268373269678023885e+00 1.843673220893388276e+01
1.007852801008298216e-01 1.662213748647504671e-04 2.222790685833015090e+00 1.818701049564644734e+01
1.013566836402035737e-01 1.686156360751308778e-04 2.357220449024664433e+00 1.899354649742442191e+01
1.019292104740007615e-01 1.675656292710030074e-04 3.171843710618943213e+00 4.356271600834386959e+01
1.024979026966999635e-01 1.641718659939537769e-04 3.922165431047973883e+00 6.553970441645464007e+01
1.030626501369650422e-01 1.662647002628721900e-04 3.729913656004080647e+00 6.097335297404847410e+01
1.036325615768987768e-01 1.677506288003891564e-04 3.407712011019016440e+00 5.281416632994853444e+01
1.042015450127809773e-01 1.651266135071514983e-04 3.161389172860787689e+00 4.825366464428891078e+01
1.047667552694281357e-01 1.657590553678264496e-04 3.131406369623539021e+00 4.453798497416402569e+01
1.053386952436592555e-01 1.679619864400426596e-04 2.980634461912287758e+00 3.824639572164945633e+01
1.059134139977540023e-01 1.698437360931091887e-04 2.884422070290066031e+00 3.645493847041874602e+01
1.064843746813403103e-01 1.658628055845030955e-04 2.837641781189502055e+00 3.531239640331509122e+01
1.070507481145438894e-01 1.666854284079099168e-04 5.793388868620018783e+00 1.188227571336400814e+02
1.076185747185142566e-01 1.663538982367525809e-04 6.763269923542257089e+00 1.597828682899128125e+02
1.081928030631775922e-01 1.695974762735689327e-04 6.059230532116211876e+00 1.307326374047237039e+02
1.087656902841804690e-01 1.673207808882646859e-04 5.486416010424997936e+00 1.082893624788561056e+02
1.093349095435287022e-01 1.650571071372068503e-04 5.123507974845359136e+00 9.147404396876743249e+01
1.098998968859329073e-01 1.653922135491046874e-04 5.117288565767148967e+00 8.471561720170221577e+01
1.104650792777204099e-01 1.660613932100028149e-04 4.874826662029261293e+00 7.474509577249341419e+01
1.110347550091190794e-01 1.673984014251322830e-04 4.189039452259276430e+00 6.585518333824310844e+01
1.116043978296737960e-01 1.663457032548090492e-04 3.997764189908179944e+00 6.256102902719211301e+01
1.121764550297892488e-01 1.669280685209542355e-04 4.524636086418648340e+00 6.725423355025714045e+01
1.127477509647829418e-01 1.677883198256345770e-04 4.866659456607147938e+00 7.890237343633157252e+01
1.133181386605659896e-01 1.666877358686726356e-04 5.309476209135763902e+00 9.032448745598956918e+01
1.138869733692361025e-01 1.670691570130550599e-04 5.538301712924980080e+00 1.037022537785755816e+02
1.144538206711315093e-01 1.650528883812137581e-04 5.901410008351511749e+00 1.185549627498496221e+02
1.150232504477800843e-01 1.671433673353676854e-04 6.410255987658016075e+00 1.424703032787903112e+02
1.155958424109956584e-01 1.687782241412863851e-04 7.006277240947728302e+00 1.699757395979932539e+02
1.161669362318749760e-01 1.656345389695187075e-04 4.584367038095716218e+00 8.150522605790257558e+01
1.167358579269463237e-01 1.669853113379273098e-04 3.682881537512331604e+00 5.153765554126643877e+01
1.172994812905418655e-01 1.633453369740070905e-04 2.991698754415159645e+00 3.998804580467875525e+01
1.178693415747435191e-01 1.706918281686270423e-04 3.080553263792776608e+00 4.265924072625991670e+01
1.184423166348663042e-01 1.666414775224065239e-04 3.205444998574409787e+00 4.705540699740931387e+01
1.190110709128645028e-01 1.663638367743462579e-04 3.281803087305158240e+00 5.299635657855579751e+01
1.195822249089615874e-01 1.690654876044900778e-04 3.328248773180189080e+00 5.722163050823849062e+01
1.201515384530931901e-01 1.657107326412885493e-04 3.646865237882131350e+00 6.443372902750959952e+01
1.207203070100967696e-01 1.697824037341870277e-04 3.888593531962181160e+00 7.233367826703936032e+01
1.212893789497967584e-01 1.645062745128841582e-04 2.745511694219060050e+00 3.042542920673813356e+01
1.218587344954810692e-01 1.687185729514112430e-04 2.462716056735191117e+00 2.232770961266712106e+01
1.224315422479737431e-01 1.684325549898935766e-04 2.145382832082066482e+00 1.779221645602117263e+01
1.230031024688151564e-01 1.674450188982372031e-04 2.130973986566975231e+00 1.719139677910917996e+01
1.235692064971041920e-01 1.654858851603093807e-04 2.129563855088906443e+00 1.741692975079415717e+01
1.241357044177045510e-01 1.659720870508394534e-04 2.189148655298072121e+00 1.820226646786687752e+01
1.247039465535192820e-01 1.683986322162994633e-04 2.042053163076561706e+00 1.730720715187415237e+01
1.252755795320700805e-01 1.683907220206874657e-04 2.111566823690719463e+00 1.849418399289272230e+01
1.258487906085339059e-01 1.686700705794193938e-04 2.256447036197093414e+00 2.012343915951370832e+01
1.264159571190660580e-01 1.652179277049539003e-04 1.854877605524263284e+00 1.430853195893309504e+01
1.269828884650241185e-01 1.682275158853999782e-04 1.761215250797738552e+00 1.428094938183522444e+01
1.275536975897068048e-01 1.699945217756056311e-04 1.857115176911674714e+00 1.500973209846845258e+01
1.281224854220955056e-01 1.651307540114785929e-04 1.742955806923583317e+00 1.507192378815677714e+01
1.286933529498555107e-01 1.701343314661988432e-04 1.763240178379489098e+00 1.636808719829886982e+01
1.292655480483474451e-01 1.676067768868043666e-04 2.384822553186270344e+00 2.708890474586557318e+01
1.298381320364055402e-01 1.698502307153819477e-04 2.174790351807633026e+00 2.503656914298566960e+01
1.304065004643886472e-01 1.662590713957073614e-04 4.942906054442644859e+00 1.112259993835769478e+02
1.309696647492289701e-01 1.648775306060591586e-04 5.722424158623058865e+00 1.408421579896272249e+02
1.315373451465835508e-01 1.689828297922074424e-04 5.066258498475784577e+00 1.169672563690368747e+02
1.321104548825929870e-01 1.692437791566149248e-04 4.548550106826610318e+00 9.830928944055146701e+01
1.326857375154495422e-01 1.701412893773342791e-04 4.153869402239982023e+00 8.648315461645663049e+01
1.332532105105006526e-01 1.644569666538046621e-04 4.048529899535391330e+00 7.325334215257649362e+01
1.338169159059840463e-01 1.669349164154969388e-04 3.757376888418809013e+00 6.543583099932102698e+01
1.343878521917558355e-01 1.710989809362133140e-04 3.345122271757965837e+00 6.008652477020428506e+01
1.349603519234164606e-01 1.669359809471280241e-04 3.184779266848613233e+00 5.285344050738731170e+01
1.355290305791368166e-01 1.681850279728993908e-04 4.281416319375619395e+00 7.033481301384205153e+01
1.360973837558105970e-01 1.672720190942342982e-04 4.844817963576069531e+00 8.368934579021366460e+01
1.366702481526201884e-01 1.708447662465230929e-04 4.694247883051080095e+00 8.005925523957841961e+01
1.372430315571489257e-01 1.691354598733625886e-04 4.724526856095071281e+00 7.984718090144758662e+01
1.378108023738988663e-01 1.655095118276463367e-04 4.953145108375383465e+00 8.795083633165779702e+01
1.383775771841717073e-01 1.688697319054608108e-04 4.996354564133770104e+00 8.960253798173293660e+01
1.389475494428869251e-01 1.678488202031736996e-04 5.396548867282375817e+00 1.064157406586407575e+02
1.395212707222466542e-01 1.706686089865116498e-04 3.627042828901470894e+00 5.611834634808995048e+01
1.400889121513610169e-01 1.642552252938431841e-04 3.317814854482146192e+00 4.927725349408679989e+01
1.406549225596408492e-01 1.677068842031393325e-04 3.145847317768782236e+00 4.849316186887549662e+01
1.412248346533533649e-01 1.690116372437921836e-04 3.326156892133171894e+00 5.320708442755406509e+01
1.417941068254391923e-01 1.670093111184721305e-04 3.574247206384355557e+00 6.182125702747540430e+01
1.423656355559977105e-01 1.701113259151621523e-04 3.757527318350289747e+00 7.330045821740894496e+01
1.429379426548450516e-01 1.680137101872804901e-04 4.048453047775289804e+00 8.453621840934648901e+01
1.435073798773808806e-01 1.680731226947347449e-04 4.525930285848756895e+00 1.004362415995069284e+02
1.440771818883720135e-01 1.700547988868273460e-04 5.130508007001838067e+00 1.267715774682575756e+02
1.446462814315041256e-01 1.656083218657698264e-04 3.443973275540948453e+00 5.814099901914408974e+01
1.452125052555256202e-01 1.684844368229841379e-04 2.671959566317513080e+00 3.373203555683234356e+01
1.457839388954616788e-01 1.683948538788424302e-04 2.024368842189509632e+00 2.049749587777973403e+01
1.463565998042226923e-01 1.696091316128981602e-04 1.955368323917659579e+00 2.066973188340406864e+01
1.469262515022519144e-01 1.678401351863458880e-04 2.053241319424454314e+00 2.095812929130373092e+01
1.474939603756106055e-01 1.662361282026037781e-04 2.081715055150503701e+00 2.224856959591381056e+01
1.480599603203204828e-01 1.689692884581891531e-04 1.876725232887794803e+00 2.146849322881331901e+01
1.486327115689581868e-01 1.699906230327237369e-04 2.247334715578207298e+00 2.474058978695991584e+01
1.492081352424435847e-01 1.705464038084299888e-04 2.657719431724469672e+00 3.129444004871972140e+01
1.497757709243307811e-01 1.650550262190966344e-04 2.142673063674046752e+00 2.155239352770805539e+01
1.503440440185784821e-01 1.697700114005154016e-04 2.013040058420305645e+00 2.042590907788923360e+01
1.509165958312842226e-01 1.699682166885640609e-04 1.785548287401851786e+00 1.740864124824753745e+01
1.514833720283045582e-01 1.659668407878710781e-04 1.806546326605634079e+00 1.790162337588219188e+01
1.520535874762121153e-01 1.717455855130118302e-04 1.824665256104700983e+00 1.722014473469317863e+01
1.526244657128841553e-01 1.657301816656426262e-04 1.954676798532082982e+00 1.843357014717809506e+01
1.531944048177990569e-01 1.713997825808457514e-04 1.920613618254161103e+00 1.848466178851759878e+01
1.537674057112714543e-01 1.683184361717697194e-04 3.760295656763447791e+00 6.830758111348468731e+01
1.543362110005573606e-01 1.672940019100741915e-04 4.254376921251664001e+00 9.064115297073865918e+01
1.549035637416945888e-01 1.683704996117138595e-04 3.973945486016162043e+00 7.534636681066231745e+01
1.554722463860159776e-01 1.679966869967229463e-04 4.020713492196287042e+00 6.608404187038414079e+01
1.560459900208626682e-01 1.721912382081908352e-04 3.421922845527242796e+00 5.517291965540819376e+01
1.566169656076583372e-01 1.644351779286681305e-04 3.222643033278925984e+00 5.211348864062695441e+01
1.571832626482055628e-01 1.687377649035877556e-04 3.085402399823504282e+00 4.648255427219294944e+01
1.577529731736015683e-01 1.685032013314121226e-04 2.745719626812311187e+00 4.207143009477869100e+01
1.583220903444891303e-01 1.683163842921365030e-04 4.644222920351834816e+00 8.317388938703282975e+01
1.588898426236498296e-01 1.680831093395561773e-04 5.312225979173450519e+00 1.090204832423705597e+02
1.594604050133666684e-01 1.681961490325961466e-04 5.051103237065261098e+00 9.076511052927298806e+01
1.600333507585789128e-01 1.699292061477151691e-04 4.843203638627121776e+00 8.385710955968561109e+01
1.606039751785176550e-01 1.676014211195516617e-04 4.626802914441551451e+00 7.364922100811413941e+01
1.611733306027465507e-01 1.674719191452298808e-04 4.686568835793489818e+00 7.235788669293246755e+01
1.617399428297464081e-01 1.670147894377376440e-04 5.099725761350930142e+00 7.213645544778667329e+01
1.623094165412102274e-01 1.685486181051048323e-04 4.781830712676229389e+00 7.201395212877686447e+01
1.628816146816564336e-01 1.697331187471751341e-04 3.939945456886794428e+00 5.643318975792185910e+01
1.634521907192554857e-01 1.667365662967356169e-04 3.725951163370171848e+00 5.582325800553299189e+01
1.640201921602927604e-01 1.668450608006982088e-04 3.918189391407780331e+00 6.321009280096619420e+01
1.645878330457274941e-01 1.680024365211419009e-04 4.580678001587405568e+00 8.456436720097931925e+01
1.651567618716379693e-01 1.671645999819425471e-04 5.363889512264957915e+00 1.141352092743240547e+02
1.657264779056585591e-01 1.692876351931912112e-04 6.032713259784588722e+00 1.373412843414113524e+02
1.662962408688682669e-01 1.652752217670282631e-04 7.025714844616442356e+00 1.718823053625088448e+02
1.668647238338327454e-01 1.682325870054191376e-04 7.789615576937765518e+00 2.089980363874961427e+02
1.674354358933244080e-01 1.682128548936996084e-04 4.863178915283079995e+00 9.429073657778782547e+01
1.680094054343551913e-01 1.689693834722883078e-04 3.879117483848357306e+00 5.171244968138874043e+01
1.685780229112530948e-01 1.656412772259727910e-04 2.828401747871389649e+00 2.599418757660148671e+01
1.691444670762947966e-01 1.663938667591130006e-04 2.650791826460860978e+00 2.590836034559805867e+01
1.697172744927546439e-01 1.706035561163262403e-04 2.575530814588285811e+00 2.671698073283591768e+01
1.702883555641972191e-01 1.651453159791982698e-04 2.706952513174791797e+00 3.090221348291199632e+01
1.708558824935764719e-01 1.669047537037073015e-04 2.650224629757043537e+00 3.092665717481744991e+01
1.714232028805131036e-01 1.657789959538249428e-04 2.728793598505989682e+00 3.511150435067823850e+01
1.719901606670392880e-01 1.664771945397595986e-04 3.191255528789101348e+00 3.598990357644830596e+01
1.725613018599664872e-01 1.702346576903621155e-04 3.287429237658922698e+00 4.033519430885979773e+01
1.731341760090149007e-01 1.652267194600903874e-04 2.526459338496369167e+00 1.848946601541952361e+01
1.737035157371246696e-01 1.673892631280851499e-04 2.437292675195870117e+00 1.676339220989658685e+01
1.742727842266845462e-01 1.657783179754444749e-04 2.375165864760911738e+00 1.627160611075020569e+01
1.748432872012828931e-01 1.684648893808943758e-04 2.432562060865865128e+00 1.631422542341440263e+01
1.754145481899948289e-01 1.664099932724438259e-04 2.245823776191781640e+00 1.530178196322245121e+01
1.759798591290594183e-01 1.632250142203518621e-04 2.314993344463824876e+00 1.582984505579122647e+01
1.765467593179363692e-01 1.687058492546679510e-04 2.220091489429899312e+00 1.575180469511270687e+01
1.771202219091868868e-01 1.674150367944676960e-04 3.092937432755217042e+00 3.482267698181645699e+01
1.776904693503658372e-01 1.659444764880447219e-04 3.417732163696081571e+00 4.874632947808208172e+01
1.782604010459035992e-01 1.678492110363692593e-04 3.576851319661996875e+00 4.477464336871209838e+01
1.788307500913050574e-01 1.655667938356936251e-04 3.145028877475159579e+00 4.085612969757163881e+01
1.793995450609073561e-01 1.698790182135153357e-04 2.708580376155552472e+00 3.764697660910467647e+01
1.799720812630283273e-01 1.649397208111774433e-04 2.677851360409514214e+00 3.300359390702138995e+01
1.805386456712941290e-01 1.651686536354535846e-04 2.540127055670609479e+00 2.920813613831095168e+01
1.811069383659960064e-01 1.669141728889542056e-04 2.491843108932891404e+00 2.796230646329859937e+01
1.816791523919583096e-01 1.673943658269089305e-04 5.037028886035862740e+00 1.097116453097489170e+02
1.822471761600497897e-01 1.659082293283683726e-04 5.902523580298926653e+00 1.406755945542763584e+02
1.828148900218806716e-01 1.652374151227169804e-04 5.362777309667982273e+00 1.126823957476091778e+02
1.833837884800252616e-01 1.666261844216967319e-04 4.895489585678099331e+00 9.639436694956653184e+01
1.839552836478638986e-01 1.671187308753734958e-04 4.376571235711576691e+00 8.060877785948791541e+01
1.845307098877413121e-01 1.672904076187442383e-04 4.376578828703016733e+00 6.681955255483693179e+01
1.850974035949538854e-01 1.617180604635059052e-04 4.147580415738417514e+00 5.994344117759734303e+01
1.856640408950079868e-01 1.676837744426350890e-04 3.675860248375983463e+00 5.359360685050718587e+01
1.862375265135386981e-01 1.677282116506915923e-04 3.684410054111329380e+00 5.311594579518196468e+01
1.868039468531301484e-01 1.623802461812587014e-04 4.560889055851530038e+00 6.109675894422201026e+01
1.873699886718823426e-01 1.657420409103716884e-04 4.540552113930620415e+00 6.673837917869396108e+01
1.879411051470216143e-01 1.653735326389958336e-04 4.880507183248123049e+00 7.375921451090248127e+01
1.885140907105027908e-01 1.672620345275643188e-04 5.408868190549623201e+00 8.289067038658095044e+01
1.890853277977380953e-01 1.660417714361772993e-04 5.717945252148577850e+00 9.722525395159014749e+01
1.896534166623433659e-01 1.636785168102265048e-04 6.201401463209961662e+00 1.147022129959556196e+02
1.902213717067860743e-01 1.664320399803167409e-04 6.439015091457058304e+00 1.316772241691876957e+02
1.907926445050983078e-01 1.652241434340370838e-04 4.879172038268084322e+00 6.841644362480515440e+01
1.913636616984963901e-01 1.658406534608816219e-04 4.430421028795308303e+00 4.547052790015897727e+01
1.919320125866155191e-01 1.633419537727983501e-04 3.533278061183473540e+00 3.570789912791824605e+01
1.925027719145957217e-01 1.669895910668903205e-04 3.595532602224586594e+00 3.825578520093409907e+01
1.930743279843360749e-01 1.658240720341930263e-04 3.667904050110773362e+00 4.135241467041646501e+01
1.936410871117785759e-01 1.627106479512474178e-04 3.878788252135582759e+00 4.845893268646848639e+01
1.942099136773889068e-01 1.664287986565099443e-04 3.969685648084652296e+00 5.570367686743267654e+01
1.947796436338841142e-01 1.627183489116277627e-04 4.837755287263656001e+00 6.681411085714910314e+01
1.953489635069127761e-01 1.666200070465689495e-04 4.572894390917806362e+00 7.106472707029277558e+01
1.959206053767875433e-01 1.661048004618073323e-04 3.744495641075945347e+00 3.218980224460429440e+01
1.964882333785077095e-01 1.622467225164098516e-04 3.448479480331478886e+00 2.131889513380320622e+01
1.970536871276055424e-01 1.657816994959148489e-04 3.078519457511723179e+00 1.530140306882006129e+01
1.976259922429931259e-01 1.656548398263570001e-04 3.358714882322728634e+00 1.562266362489113369e+01
1.981968337671215774e-01 1.648743708435729391e-04 3.244884785339396505e+00 1.551299744936851610e+01
1.987649076073500498e-01 1.644838419777039384e-04 3.709222090499170843e+00 1.623570196812995903e+01
1.993382110205279001e-01 1.665245005574342676e-04 3.460379356941199802e+00 1.654164072852735856e+01
1.999092594311902560e-01 1.653975915170942195e-04 3.778678923936127809e+00 1.713906456517124965e+01
2.004775050327681774e-01 1.632132696153190275e-04 3.990871609282456767e+00 2.251558764680331493e+01
2.010472448887819508e-01 1.656269295659925560e-04 4.182394743721765451e+00 3.051073260632302109e+01
2.016136074328978844e-01 1.609125550350789667e-04 3.694236372954748049e+00 2.677719039235976339e+01
2.021821692108862201e-01 1.669410075368543732e-04 4.023786781672038515e+00 2.476916976801544479e+01
2.027546845972609812e-01 1.648786521103165405e-04 4.343263043538132528e+00 2.409071006085821054e+01
2.033234505991677876e-01 1.627817243701184385e-04 3.863847529612021159e+00 2.251836602662574194e+01
2.038890589650429186e-01 1.633884905506646388e-04 3.688166581114268538e+00 2.104513745892201015e+01
2.044563078991866456e-01 1.634848478959048906e-04 4.311188723068646311e+00 2.303196002003394227e+01
2.050309181044366325e-01 1.679849482309571157e-04 6.308828258242117570e+00 9.090378289726024263e+01
2.056052192120658151e-01 1.628431465261789119e-04 6.676010943583667867e+00 1.165698273707812263e+02
2.061731383725521616e-01 1.629573135641026668e-04 6.220027429532329677e+00 9.789315183101047069e+01
2.067424970827703989e-01 1.651934988481173030e-04 6.278927556897830442e+00 7.806460715792614735e+01
2.073118484753536661e-01 1.618344599106812576e-04 5.858356717499980881e+00 6.797294034148194442e+01
2.078795763266520491e-01 1.644460048959850700e-04 5.315027129325015309e+00 6.005667286812111172e+01
2.084477865339623426e-01 1.604430954091103220e-04 5.428260817586359366e+00 5.394699366409024321e+01
2.090159779151617714e-01 1.642922148394388468e-04 5.530718870796682118e+00 4.873969753333802402e+01
2.095878413924421590e-01 1.643933753231822926e-04 4.933576675273632972e+00 4.606501210088792675e+01
2.101586000308748314e-01 1.617428635315935729e-04 5.922626996115044840e+00 6.544224356830331146e+01
2.107254573466961489e-01 1.629801993794165562e-04 6.380378449401049146e+00 7.347471495878650671e+01
2.112954894720326937e-01 1.616304423802452381e-04 6.487362052633470988e+00 7.264513334397778976e+01
2.118664587592574700e-01 1.644979997532971779e-04 5.992144989073665329e+00 6.895312750131394353e+01
2.124378903742842883e-01 1.621838144857629756e-04 6.017792859413114925e+00 7.282894896170958532e+01
2.130081844402901825e-01 1.618951819974519745e-04 6.153556306153774358e+00 7.520984038168342067e+01
2.135756412562742346e-01 1.616072201319093639e-04 6.295292685781158859e+00 8.457812425756992525e+01
2.141431095340998181e-01 1.611655378736936972e-04 4.772640275646081953e+00 4.656685303129763298e+01
2.147124385721021489e-01 1.636614748368391502e-04 4.599151217137584347e+00 4.243397230711357793e+01
2.152825070688314246e-01 1.602194281096502339e-04 4.314117051147441373e+00 4.509470344472907044e+01
2.158522024612828938e-01 1.630543380540852821e-04 4.265296740183647017e+00 4.718453516317568841e+01
2.164236410824103840e-01 1.629265722878290830e-04 4.452276661581580086e+00 5.845447912399666279e+01
2.169946377949703575e-01 1.614293873056614622e-04 4.614821780936349427e+00 6.838479426673875139e+01
2.175605729031298841e-01 1.608637774037720747e-04 4.943150044309787994e+00 8.258666051243115191e+01
2.181288283086519897e-01 1.617843711551033908e-04 5.221615536517480116e+00 9.658762110531429812e+01
2.187016972608919474e-01 1.642231396443989797e-04 5.550096277239940257e+00 1.179677939078923856e+02
2.192735378992489159e-01 1.611346929615922480e-04 4.020696848310032934e+00 5.364430568814381672e+01
2.198420693327713948e-01 1.603161863068486390e-04 3.401802268404912066e+00 3.088343763974446077e+01
2.204093543985171655e-01 1.614543244885158939e-04 2.828327547779067697e+00 1.882509404701213995e+01
2.209762270951374785e-01 1.602609511225768705e-04 3.065055568439351230e+00 1.992199594941059360e+01
2.215452487058755804e-01 1.644569298032381999e-04 2.845304018211412878e+00 1.991155789313319247e+01
2.221175531265534575e-01 1.604596667221471395e-04 2.858001018454204178e+00 2.018319489743201700e+01
2.226836067884225556e-01 1.641978756788750745e-04 2.938548349958375550e+00 2.076287297896783102e+01
2.232565871471269836e-01 1.654563472422474846e-04 3.107463161977756183e+00 2.415196735932187977e+01
2.238289513709997014e-01 1.633945495243986157e-04 3.445430781044562796e+00 2.724592163944798529e+01
2.243956179226320458e-01 1.628117220857341256e-04 3.163280409875544930e+00 2.105024385654375152e+01
2.249622579323688198e-01 1.616562667221704852e-04 3.020037765762495496e+00 1.787993430934977823e+01
2.255311455447983893e-01 1.662036340293565715e-04 2.979759001575493560e+00 1.857222812314561011e+01
2.261044983192986024e-01 1.635928324690665285e-04 3.003360813034544385e+00 1.844109908321654601e+01
2.266764391923482558e-01 1.633405725221041252e-04 2.898858181978565263e+00 1.760555666179863721e+01
2.272439912709065535e-01 1.615019202796340032e-04 2.940823632046059011e+00 1.750501950892407876e+01
2.278139013664074730e-01 1.642265576716775367e-04 2.935648266783336791e+00 1.767965015101017912e+01
2.283832582380851683e-01 1.644072668745012169e-04 4.579720379649172557e+00 5.888135730398047940e+01
2.289524552911576527e-01 1.615693317475860782e-04 5.322909145288724275e+00 8.223568397092267901e+01
2.295202710331086249e-01 1.620251535722585557e-04 4.784430022762116153e+00 6.990792795197150156e+01
2.300871959093564456e-01 1.617623571457540521e-04 4.883751500896909015e+00 6.357109071899802899e+01
2.306618522546517724e-01 1.663902814675192251e-04 4.529361687235780032e+00 5.377479041721672104e+01
2.312318137134390383e-01 1.598658373667324602e-04 4.562417116171966214e+00 5.096843305515164957e+01
2.317962673566430487e-01 1.611564455396415031e-04 4.550535810501859402e+00 4.735452360042446429e+01
2.323703404124705107e-01 1.673400508577830800e-04 4.556901435030943581e+00 4.393874347062939023e+01
2.329439837692619253e-01 1.589836268098670775e-04 4.235196925439803195e+00 4.051103997151744096e+01
2.335114659298857254e-01 1.624810698556080517e-04 6.420494247512508856e+00 9.056584783938124872e+01
2.340784676117972363e-01 1.583079009982498592e-04 7.823287455844111449e+00 1.262568388008828464e+02
2.346440559314566243e-01 1.615761191585021023e-04 7.222128937797962500e+00 1.063691485296774175e+02
2.352162109946593083e-01 1.656428264518911594e-04 6.791251936656984789e+00 9.316303103759925364e+01
2.357866492788111279e-01 1.581699522230724426e-04 6.759425682989824935e+00 8.519326417301996912e+01
2.363520137839480451e-01 1.621030179496580389e-04 6.694630605276688406e+00 8.178094271347579536e+01
2.369224360570307275e-01 1.604043332801944081e-04 6.589522338542682434e+00 7.840449612157455306e+01
2.374956866610479778e-01 1.643549312237813195e-04 5.617873588197153545e+00 6.160571612183670709e+01
2.380662069967962868e-01 1.597833494416389124e-04 5.572946879835382283e+00 6.060816938168662915e+01
2.386333342379401146e-01 1.601441226718258531e-04 5.946187538084003243e+00 6.601330971272875558e+01
2.392017274271848459e-01 1.636248387732169699e-04 6.331936917790209840e+00 7.603189058765576647e+01
2.397723206654768513e-01 1.594821409681062901e-04 7.262864032355310862e+00 1.067772888831299412e+02
2.403405152238884124e-01 1.619867242100131162e-04 7.785328892729425299e+00 1.297319779645295910e+02
2.409082509926589455e-01 1.582889581020021947e-04 8.962141892529768228e+00 1.667807756834520774e+02
2.414770638640361955e-01 1.619142743813924254e-04 1.018118110244092023e+01 2.035011554031111416e+02
2.420490404189070133e-01 1.645065822004798835e-04 1.127233863949721737e+01 2.471674750292036435e+02
2.426219791374604196e-01 1.603270236661396165e-04 7.259101147072470006e+00 1.162020241598170855e+02
2.431897966558229096e-01 1.623466710052170819e-04 5.453009717061634731e+00 6.262792807434409070e+01
2.437585885338764968e-01 1.587824635672277886e-04 4.010288151337034535e+00 3.231671692168929155e+01
2.443321195397998580e-01 1.654770879452878267e-04 3.834597789826747150e+00 3.100359273177046759e+01
2.449019555344580934e-01 1.584190644835381404e-04 4.282225677680298936e+00 3.757080451344865679e+01
2.454698574006988765e-01 1.621617980766555645e-04 4.386424599861678431e+00 4.057396644941349706e+01
2.460386531152553014e-01 1.613210889576790553e-04 4.256724752934196943e+00 4.310707296584304515e+01
2.466069417875106362e-01 1.610054900742378991e-04 4.476182973964959899e+00 4.536818097147155981e+01
2.471787550499228714e-01 1.635064113768841662e-04 4.767521392728029106e+00 4.908578218667842208e+01
2.477462252975766166e-01 1.568873367544441856e-04 3.527889178343852183e+00 2.196444297527805389e+01
2.483158494997526333e-01 1.642325784829425333e-04 3.390878870925206012e+00 1.756275579174830170e+01
2.488887034463093118e-01 1.614011464833368893e-04 3.108563778044224790e+00 1.583043636054962455e+01
2.494559467225234972e-01 1.598927979916951769e-04 3.192444808453835048e+00 1.743318061870205682e+01
2.500256300781771301e-01 1.639148657314904052e-04 3.276051317248323436e+00 1.665471527952573894e+01
2.505960943971381472e-01 1.569585835189714882e-04 3.415724866816030492e+00 1.671909039639413663e+01
2.511642584457539074e-01 1.631625477977721034e-04 3.305150220583271903e+00 1.768888157769401559e+01
2.517365631181963104e-01 1.611795840423848041e-04 4.452072005521637621e+00 3.486560752712180999e+01
2.523076673776112888e-01 1.606759317076454315e-04 4.956945081382360563e+00 5.032318731803822232e+01
2.528733521987859834e-01 1.588408277452627308e-04 4.881083142550557419e+00 4.835441572775742713e+01
2.534399318170733606e-01 1.588063096425600704e-04 4.581120932483822017e+00 4.293955680515755091e+01
2.540097321790817375e-01 1.636898606690593075e-04 4.184276997957177890e+00 3.812511377216866748e+01
2.545834531816237867e-01 1.594613842870269064e-04 4.508026432406463613e+00 3.873706209923204824e+01
2.551542172749352577e-01 1.611213765007465048e-04 4.248951436693173989e+00 3.516311093161043289e+01
2.557234586881669824e-01 1.598786329377084733e-04 4.228899546213066962e+00 3.324437236130442841e+01
2.562940109038467362e-01 1.610105376700829947e-04 4.122213203429449635e+00 3.164465716399471518e+01
2.568601889624640422e-01 1.589817822732972612e-04 8.413432075314689840e+00 1.343343401103074655e+02
2.574224345593013052e-01 1.555507363267833864e-04 9.440121811250270056e+00 1.722827227406561974e+02
2.579918503988470335e-01 1.640288507504054894e-04 8.389465230740018598e+00 1.385591411151467582e+02
2.585670521595814231e-01 1.616809840819627387e-04 7.618822643456666377e+00 1.170584163506681392e+02
2.591400804310073913e-01 1.607799196151777634e-04 7.092902501098911294e+00 9.696787401492697711e+01
2.597058120692336547e-01 1.581738629764479294e-04 6.903894783760788911e+00 8.372370989990450596e+01
2.602720026653607688e-01 1.593761583555327612e-04 6.461896521235305890e+00 7.349267320623512489e+01
2.608430391980737784e-01 1.648035778763600866e-04 5.726398942512779477e+00 6.706686982672883346e+01
2.614127474899112236e-01 1.574078224920886571e-04 5.879971735288870960e+00 6.334859506684593100e+01
2.619822739811669132e-01 1.630623781216024206e-04 6.660325339836122183e+00 7.122245741406472064e+01
2.625523907249259770e-01 1.592330501488723577e-04 7.388287822231665913e+00 8.440491052825539953e+01
2.631209061685340633e-01 1.623623258957730838e-04 7.311584687357301604e+00 8.706259298309340977e+01
2.636915847485185593e-01 1.621968744211452500e-04 7.519216279828593308e+00 9.541164085997768041e+01
2.642596728218545854e-01 1.584509868928402380e-04 8.025551051821187443e+00 1.070730779700943742e+02
2.648265275477353353e-01 1.629230739420727729e-04 8.538300436821169015e+00 1.274057990421462279e+02
2.653992878217650841e-01 1.617840797429449080e-04 9.146999086600574813e+00 1.448128152691498656e+02
2.659688711807106087e-01 1.597957075905335946e-04 6.888761208047246676e+00 7.528523426642799166e+01
2.665357413565713207e-01 1.654105519172144355e-04 1.802773163007850066e+00 6.301360673340695939e+00
2.671080069537516422e-01 1.626701277106688489e-04 1.616670927873661734e+00 4.998372793719029872e+00
2.676768556070643901e-01 1.691801940646858466e-04 1.321969001743736660e+00 4.142312831338022860e+00
2.682493300541755610e-01 1.614220267119013139e-04 1.355989757819364261e+00 3.769975584922496736e+00
2.688177513807972763e-01 1.662996379824703617e-04 1.481509121993906053e+00 4.066781589906198313e+00
2.693851577249113949e-01 1.603863392897897778e-04 1.480678782610677313e+00 4.625699018823253184e+00
2.699589538042458381e-01 1.693590433343603269e-04 1.393822826739028908e+00 4.011768142829303940e+00
2.705341379607629770e-01 1.651212915366971612e-04 1.560195284313087294e+00 4.391915805709897036e+00
2.711011187788506249e-01 1.613591504621344759e-04 1.600562261957747312e+00 4.555095712983786349e+00
2.716634305998492649e-01 1.656227339408235428e-04 1.404234598313843563e+00 3.956267164032748695e+00
2.722363973262479364e-01 1.655325742006511381e-04 1.430617641825709718e+00 4.310869480628278794e+00
2.728100469150475105e-01 1.646080381434411035e-04 1.423987050724178971e+00 4.202848744106024270e+00
2.733737974913508229e-01 1.603812073584732687e-04 1.471690203121408969e+00 4.277716462259725461e+00
2.739450060752051663e-01 1.674346389119041735e-04 1.536317725771772613e+00 4.418420930560993831e+00
2.745190854421674653e-01 1.671958227816528961e-04 1.415310671280782584e+00 4.137602326480880777e+00
2.750860360129060433e-01 1.603928582067623066e-04 1.401488914478340675e+00 4.292210168416531246e+00
2.756531483706411434e-01 1.675800991109693957e-04 1.559156678054313794e+00 4.462529416431561202e+00
2.762191509196462724e-01 1.571580316994554676e-04 1.524272771722154030e+00 4.363885336875737764e+00
2.767946891449373781e-01 1.727807510246506546e-04 1.678281938726181366e+00 4.850110016341766972e+00
2.773728629459866202e-01 1.622121328489713643e-04 1.601356255805167939e+00 4.533413135646322090e+00
2.779371867597200674e-01 1.619258433042512649e-04 1.469314250062913274e+00 4.531212744123650715e+00
2.785030517972970077e-01 1.661461027007162493e-04 1.682404291732539914e+00 4.862404044044516205e+00
2.790701103365197389e-01 1.598624171474177726e-04 1.360636257386524051e+00 4.131617983866353150e+00
2.796369973446206081e-01 1.681679944273129737e-04 1.758168473785821861e+00 4.621426694848558725e+00
2.802122481591007297e-01 1.628783220825105727e-04 1.579062608604240747e+00 4.717187579618202342e+00
2.807814447325423513e-01 1.630021627206631790e-04 1.743276811109381930e+00 4.905683568300637454e+00
2.813507440450861430e-01 1.679084512411662376e-04 1.405822702614747399e+00 4.259293899810913331e+00
2.819294121784565732e-01 1.650414168698367942e-04 1.796764220346661389e+00 5.148562986992097024e+00
2.824933218105669663e-01 1.632625654587590907e-04 1.769688614455626974e+00 4.776602608313059939e+00
2.830558459602667276e-01 1.592328650061676694e-04 1.443331355537401883e+00 4.083105449573285028e+00
2.836299621051653896e-01 1.706053056541118539e-04 1.676558353294385295e+00 4.666099424699591935e+00
2.842019016406961973e-01 1.607653964444970458e-04 1.740628625925206840e+00 4.736899830809175427e+00
2.847735041085992513e-01 1.661736289433421595e-04 1.638271309936292441e+00 4.520573046206636469e+00
2.853383343842999520e-01 1.604106330407255158e-04 1.624627299779531908e+00 4.384072186559310857e+00
2.859001105270350673e-01 1.625281733591516322e-04 1.598319281228481215e+00 4.375216040977798926e+00
2.864773547108612206e-01 1.728053861564002552e-04 1.863415479554226151e+00 4.939723271730911414e+00
2.870490655843047079e-01 1.546686013184032232e-04 1.686236711112611530e+00 4.388355822632944658e+00
2.876156672774900502e-01 1.683300286879280193e-04 1.951685277959833709e+00 5.290424924013835017e+00
2.881893994962486105e-01 1.636140665573873913e-04 1.773642795851324117e+00 4.763939751006460277e+00
2.887620659783757815e-01 1.663229042124239002e-04 1.837824755124267462e+00 4.951661965398502119e+00
2.893287635119551893e-01 1.627586881204245084e-04 1.818250127812230943e+00 4.688694292302141520e+00
2.898858947905365024e-01 1.550493608221591374e-04 1.646121743408191174e+00 4.931796270134793048e+00
2.904555765409209123e-01 1.724965947962641452e-04 1.953719379770086695e+00 5.430261562278147380e+00
2.910346409359119146e-01 1.617892336113324462e-04 1.602889159154190279e+00 4.591920561641201992e+00
2.916068239384930760e-01 1.661801254064748212e-04 2.131226237096038201e+00 5.730309710024507730e+00
2.921678610368435569e-01 1.582529440533684130e-04 1.968098594317121197e+00 5.017666502194944478e+00
2.927412532944896340e-01 1.703052677914026493e-04 1.821322590582690193e+00 4.814141110455734562e+00
2.933161240604457154e-01 1.675421732219235565e-04 2.205302088473456656e+00 5.179591554767062789e+00
2.938833472442378691e-01 1.576043743378549751e-04 1.895662522532566507e+00 5.176201691139043604e+00
2.944489411806277546e-01 1.660621474689806542e-04 2.346757722674658542e+00 5.496886815850753116e+00
2.950217130627594830e-01 1.654412990181688720e-04 1.850268200481737013e+00 4.752834240060975546e+00
2.955999165491461911e-01 1.669006887487419497e-04 2.219018354906701074e+00 5.171579886170758478e+00
2.961615549408742054e-01 1.601135343258092690e-04 2.175492926917797831e+00 5.349124076698091201e+00
2.967214973067989758e-01 1.602885789962455278e-04 1.884270386036691614e+00 4.689404138302581515e+00
2.972949274341802894e-01 1.739944332637479189e-04 2.267472363244784628e+00 5.317960593797258717e+00
2.978707648711936828e-01 1.572046175802470412e-04 2.233795451175375479e+00 4.887708593079044483e+00
2.984421981126801349e-01 1.701360676824621048e-04 2.336924085841904031e+00 5.013131545179457582e+00
2.990137314468128138e-01 1.579647492053972053e-04 2.355581818817098938e+00 5.625002408755799266e+00
2.995833714450384933e-01 1.681549430373305743e-04 2.534093770735555751e+00 6.011250832511306541e+00
3.001536433559279238e-01 1.641505183805624663e-04 2.246399050447606793e+00 5.499356167447770893e+00
3.007089347660210077e-01 1.551596372855003141e-04 2.534364640022189974e+00 6.039144340700599578e+00
3.012781619116192688e-01 1.735028756491792444e-04 2.582487991234641900e+00 5.374695589576104382e+00
3.018574366694128930e-01 1.584019063096001934e-04 2.852014984722204716e+00 6.693381866728202567e+00
3.024289395504944911e-01 1.674491045462992594e-04 2.387588860479300745e+00 5.469429094505421141e+00
3.030018919725295246e-01 1.635036359586038764e-04 2.837658616351695251e+00 6.144852741927683049e+00
3.035751571684730532e-01 1.627876958212383135e-04 2.480482069985892490e+00 5.352884594433240828e+00
3.041375092294530957e-01 1.673103357467548024e-04 2.233292904978212423e+00 5.058682347284596759e+00
3.046978488124151285e-01 1.517223635811489882e-04 2.723799232984169372e+00 5.780850370781554837e+00
3.052631932666221570e-01 1.724018470987489257e-04 2.684285914028946340e+00 5.649968945593473180e+00
3.058414739766376900e-01 1.590727949740650224e-04 2.798196264012440704e+00 5.528148733070215037e+00
3.064183772367459757e-01 1.691559572752462026e-04 2.604034575886740921e+00 5.474163261598447683e+00
3.069836758021019518e-01 1.595980928806104825e-04 2.815970405614028671e+00 6.044464135599517007e+00
3.075567497921065652e-01 1.682744508754374852e-04 2.931062562922516435e+00 5.836333407175319010e+00
3.081247620241766572e-01 1.666271491155761988e-04 2.719902307536242958e+00 5.703148076889678286e+00
3.086829708641709025e-01 1.541644635526342219e-04 2.656749929902531893e+00 5.745175438254825018e+00
3.092557745607837916e-01 1.739702910918379606e-04 2.500095192232634655e+00 5.290873575815839835e+00
3.098277900971050380e-01 1.533823327789437271e-04 2.847503878509026531e+00 5.695005392425283475e+00
3.103945532978509281e-01 1.694975805675558969e-04 2.579210794508753235e+00 5.535712880482499543e+00
3.109692690402263149e-01 1.643931499725054257e-04 2.946443827442297270e+00 5.918475765560221369e+00
3.115349110407769628e-01 1.610900940311552217e-04 2.699734945977934064e+00 5.282481833860757980e+00
3.121047550230624523e-01 1.729490143196100733e-04 3.011106834667261811e+00 5.594904751975092516e+00
3.126758909169974898e-01 1.543615319769908278e-04 3.129819353211941380e+00 5.908522654469276603e+00
3.132460391927893717e-01 1.726740177362028538e-04 2.882463228306606950e+00 5.616848187730718145e+00
3.138253229428920599e-01 1.605978734071669646e-04 2.746386828650058121e+00 5.349941892377991337e+00
3.143962454508686388e-01 1.664329875547105285e-04 3.215373127721026236e+00 6.255590779454807127e+00
3.149627483159684882e-01 1.647989719551448305e-04 2.580209892787638015e+00 5.178930746792864248e+00
3.155301890138590415e-01 1.618028587292005751e-04 3.239740754045821181e+00 6.498655435033596106e+00
3.160934636760825422e-01 1.655712425406689902e-04 3.023290824029539081e+00 5.365268458545154218e+00
3.166595504206625167e-01 1.615108155492614417e-04 3.138349029650178590e+00 5.951266572047913428e+00
3.172387701267368465e-01 1.696685134913619687e-04 3.241352779937222373e+00 5.614802819471564455e+00
3.178134564614669144e-01 1.634266017480859475e-04 3.552677693125597891e+00 6.252298626207013932e+00
3.183784306782566076e-01 1.603191832837300656e-04 3.410651237448454776e+00 5.697268311493842496e+00
3.189483459721395575e-01 1.694854084949991464e-04 3.333050136765954186e+00 5.987627274980283687e+00
3.195211295545258845e-01 1.613391348088828964e-04 3.943433189438691144e+00 6.179447389706679949e+00
3.200844246979377417e-01 1.618637800067667418e-04 3.139740847483687869e+00 5.664532629009361386e+00
3.206501136664306473e-01 1.657406541711505671e-04 3.597189173061834833e+00 5.986465706571239664e+00
3.212223250359272919e-01 1.623303894959950264e-04 3.980134702355534682e+00 6.884886495060138500e+00
3.217907094521592626e-01 1.655950593048110511e-04 3.457373682010091986e+00 5.684475694408936519e+00
3.223629283479844121e-01 1.653864459903858493e-04 3.587340133343858373e+00 6.109507914433184972e+00
3.229316971520689861e-01 1.602085107869418042e-04 3.875330669474847500e+00 6.247853376901761457e+00
3.235036560838011055e-01 1.705803039664167172e-04 3.900739733957095723e+00 6.308176156366680054e+00
3.240743383243098186e-01 1.567218674250160312e-04 3.947170197452551932e+00 6.136013608906657701e+00
3.246360568149493364e-01 1.658510050207315874e-04 3.940121984925841758e+00 6.318975609286846762e+00
3.252035616082167846e-01 1.620691630931473954e-04 3.988486049756891028e+00 6.638211719353081186e+00
3.257734432214398068e-01 1.646655148928050246e-04 4.528099193602971084e+00 7.141980785913043306e+00
3.263451803590320388e-01 1.659577992820021532e-04 3.858668183484061931e+00 6.118095633677644862e+00
3.269081188959307438e-01 1.587951546267656966e-04 3.453250335562573436e+00 5.926113872499865209e+00
3.274791216153101758e-01 1.690721790378726453e-04 3.489640177719496528e+00 5.771319203773811246e+00
3.280517887336155680e-01 1.632555727679293122e-04 3.984370504753158126e+00 6.236161149485551114e+00
3.286213122964714017e-01 1.659015771476073033e-04 3.652898981499588693e+00 6.717877121750960967e+00
3.291919827540599752e-01 1.646076146698155799e-04 3.183718187749093431e+00 6.031573825503588893e+00
3.297669376550523279e-01 1.695879027850169508e-04 4.120510714560963628e+00 6.691222678815883285e+00
3.303385722168437622e-01 1.589889791576853148e-04 3.849436211595762547e+00 7.139138661795443319e+00
3.309096277886455217e-01 1.717444313284584789e-04 4.120915415734725862e+00 6.933814085896575996e+00
3.314868707140175563e-01 1.627443544213365571e-04 3.369678491619955363e+00 6.024852112310027152e+00
3.320550238145351662e-01 1.634323260297636281e-04 3.362267364252130797e+00 5.532453846876421721e+00
3.326145760864327450e-01 1.621203809574514837e-04 3.500952711992118882e+00 6.064453808876772101e+00
3.331768055610401791e-01 1.639129166349989955e-04 3.283190095581683732e+00 5.636201189488936336e+00
3.337494300413678117e-01 1.648638519366796328e-04 3.319253646450443185e+00 6.404326005123444077e+00
3.343196199196089569e-01 1.663637700280773727e-04 2.834591504435955756e+00 4.697411948333431120e+00
3.348876242395068537e-01 1.611683006042058603e-04 3.106272905863132205e+00 5.592653911854172932e+00
3.354600261782513804e-01 1.669532734623875396e-04 2.835355743937400419e+00 5.325848654490787482e+00
3.360297693195738455e-01 1.651634999870907556e-04 2.173905093081016204e+00 4.300196478149866941e+00
3.365959666193622524e-01 1.628129385391020390e-04 2.348538612872918652e+00 4.369507133830151879e+00
3.371687741209966616e-01 1.651729612492906926e-04 2.140357364235895510e+00 3.657953367303941494e+00
3.377348941050817843e-01 1.668915181576936574e-04 2.239349389172202720e+00 4.886404928472464881e+00
3.383002765121259081e-01 1.574138269744715867e-04 1.466129937968200236e+00 3.007521289101628525e+00
3.388693425931229575e-01 1.664701846962407744e-04 1.008211769098858568e+00 2.566463460460240320e+00
3.394438837371425155e-01 1.684089392122418245e-04 9.541178259989312460e-01 1.270977818604485110e+00
3.400286930615567527e-01 1.666123676310503408e-04 1.399975148198016051e+00 2.362172963843060636e+00
3.405936403509234878e-01 1.551971672240187153e-04 7.639397946713416543e-01 1.431782106327635251e+00
3.411378029607844975e-01 1.627733581688670236e-04 1.176534675562639576e+00 1.394488557841238929e+00
3.417035351013864575e-01 1.610024093152836403e-04 1.113111449260843155e+00 1.398219332235848489e+00
3.422710637925043264e-01 1.630304437482838484e-04 5.736589974095404054e-01 9.309493362512627490e-01
3.428599401353361054e-01 1.768514766568868172e-04 4.645902338738956416e-01 1.151751106899792765e+00
3.434354053084029967e-01 1.492681715833363331e-04 2.679349148781401402e-01 9.486832980505136570e-01
3.439944748104987737e-01 1.658416658077908586e-04 8.296596577738333256e-01 1.217161238900369202e+00
3.445860787803995406e-01 1.766346570300815217e-04 6.840792374916355723e-01 1.772810520855836680e+00
3.451337342098141914e-01 1.349649485745031837e-04 0.000000000000000000e+00 4.999999999999999445e-01
3.457362390619622694e-01 1.898164454998164941e-04 5.751054579777479248e-01 5.773502691896257311e-01
