# q qerr q^{ 0.25 }*I(q) q^{ 0.25 }*I(q)err
6.639750804316659101e-04 2.844972107948976880e-04 1.123662752724358782e+00 1.178982612255159523e+01
1.168872837651871530e-03 1.878649511088574867e-04 2.905604248062297223e+00 1.035196915113846572e+01
1.665597014471759943e-03 1.575028940947838436e-04 3.518499741777364243e+00 1.370320319406297394e+01
2.239469761647634293e-03 1.576194078448431941e-04 4.248400614843015788e+00 2.495026194119525087e+01
2.856272749112495537e-03 1.820107955790648403e-04 2.591140469703912874e+00 1.600802750011519748e+01
3.400939685343390070e-03 1.759323991061125339e-04 4.149242823325547391e+00 1.686504527317124058e+01
3.953238548429897393e-03 1.651631903427555994e-04 2.838472442749719882e+00 1.620834353041667342e+01
4.526769733797958960e-03 1.609775201557141016e-04 9.530785254867902623e+00 4.751118073193995173e+01
5.090699199757745680e-03 1.654665109213775435e-04 6.848470025724948229e+00 3.316161789229482793e+01
5.664585629822752738e-03 1.843416592042580499e-04 4.288082134225621012e+00 2.254721993182450746e+01
6.251614614880663702e-03 1.493519506114937784e-04 2.413537372779555934e+00 1.349313954625885970e+01
6.791955614444076909e-03 1.650551763573439279e-04 2.567746114437292171e+00 1.112952178415734394e+01
7.444702320277228440e-03 1.526751759055972285e-04 4.198320538359828547e+00 1.531441253884310960e+01
7.979071485671063169e-03 1.629198675518975660e-04 3.502023229504652946e+00 1.536090709947542443e+01
8.530107536793452017e-03 1.628751684000797576e-04 2.927416694251173457e+00 1.648624683972901295e+01
9.088569502724120480e-03 1.672736620296593466e-04 2.420473746283211103e+00 1.516715957560401939e+01
9.662244326373088665e-03 1.761978593344381964e-04 3.565739996014679392e+00 1.472131401100925707e+01
1.023159275754005094e-02 1.680316098801233366e-04 5.518981090477764972e+00 1.940507906259610493e+01
1.079835485677344345e-02 1.649666910679485046e-04 4.549343939613126331e+00 2.005141674865515000e+01
1.136817981021163819e-02 1.669083619453816880e-04 3.751204673737508433e+00 1.709479041727130522e+01
1.192555528610672946e-02 1.684241066128720397e-04 4.434423644783838547e+00 1.662562026172030372e+01
1.249775279724666191e-02 1.683120517184396952e-04 5.176312653081963866e+00 2.024989062726253053e+01
1.308649739216325922e-02 1.598423231133586791e-04 7.231019743677185474e+00 3.499472243773131908e+01
1.362981855313041835e-02 1.606830333014807471e-04 3.996971410048077988e+00 1.775672921153178763e+01
1.421009593717419139e-02 1.696912219889788471e-04 4.386241385128799131e+00 2.031841490306911169e+01
1.477591883959409463e-02 1.645740653408737843e-04 5.532137194944944270e+00 1.851644135850866491e+01
1.538818154072593182e-02 1.695530728019690103e-04 8.519202049250830910e+00 3.438981743455525475e+01
1.592318484657993805e-02 1.648917789130720528e-04 9.500614106720258079e+00 5.371321063332362655e+01
1.649613872796342612e-02 1.635027215964544856e-04 5.666301992771169971e+00 2.445216655001208750e+01
1.705198140630023729e-02 1.697333289051861907e-04 4.807122804318978204e+00 2.416634097301252027e+01
1.763588926261921638e-02 1.597447616976232631e-04 5.339061595750965949e+00 1.802978035662335543e+01
1.819604407808277785e-02 1.682378249255127279e-04 6.007822734576406809e+00 2.325636863316056235e+01
1.874415513365144600e-02 1.528243568906047147e-04 5.383191595054323209e+00 1.912731702048732885e+01
1.933607560264751987e-02 1.659001027165210465e-04 6.022330846913870772e+00 2.677038942563219948e+01
1.990875554450019513e-02 1.698886644590737649e-04 4.475674700899668679e+00 1.947837478773992359e+01
2.048177365558883148e-02 1.543412115930691616e-04 5.405870009113443508e+00 2.720488349701430764e+01
2.103498936477945017e-02 1.634036275404617141e-04 1.010389348437495194e+01 5.096464786933940871e+01
2.162275753703819109e-02 1.646138434238661528e-04 7.651582912501689648e+00 4.100651734810671201e+01
2.218719471112378175e-02 1.627396955010960750e-04 6.743233830897328751e+00 4.168698828171686444e+01
2.276026921547354837e-02 1.544228725103711424e-04 8.763784248415198874e+00 5.100377645732412901e+01
2.331482301571697474e-02 1.557702418507949868e-04 8.755094482844222981e+00 4.185863835655101184e+01
2.391057041704059208e-02 1.591734290827710252e-04 1.104978439601484475e+01 4.382159855596323439e+01
2.445501711591196309e-02 1.619846625718748064e-04 1.273411520763381688e+01 6.617078919695717332e+01
2.505044112286054087e-02 1.678630409824733848e-04 1.213249580548258955e+01 6.807905313969753536e+01
2.560489064787132077e-02 1.648307369847090513e-04 6.243776429486720403e+00 3.069655128625307228e+01
2.614834001830636245e-02 1.636311969198434068e-04 1.061482236178377647e+01 4.824553236620008079e+01
2.674382240750395809e-02 1.559755731710177925e-04 1.147999185191258853e+01 4.812973829786604796e+01
2.730910204627282761e-02 1.653893149686708804e-04 9.864575384405549485e+00 4.207482348981618259e+01
2.789604470063417746e-02 1.604588713416152217e-04 1.186669743215713524e+01 5.797273799357352431e+01
2.843239199017355556e-02 1.595031886510948481e-04 9.858291541246423151e+00 4.791706850951393903e+01
2.900176500460822579e-02 1.652596648669623323e-04 1.761240380022044505e+01 8.645810543812980598e+01
2.957950754044639738e-02 1.704703482568946621e-04 1.213581438711736205e+01 5.585480994706184532e+01
3.015265548146600291e-02 1.687011644757813796e-04 9.834298683153555487e+00 4.036191273961134129e+01
3.073062481851229072e-02 1.557563156273602709e-04 9.371779020177900321e+00 5.539174955314942395e+01
3.130224143786903418e-02 1.597838215543429864e-04 8.971305106844477351e+00 4.669469335754441630e+01
3.187844539131001742e-02 1.581932138149118425e-04 1.451846927151992617e+01 9.334385753813673148e+01
3.244637624950066218e-02 1.555811465633760325e-04 1.032309831010195822e+01 3.928238535039042034e+01
3.298977590243949709e-02 1.631729487151453728e-04 1.406399752275424220e+01 8.440002882028456099e+01
3.356566175952491876e-02 1.704861393540943655e-04 1.079328694493404051e+01 5.018353458955095903e+01
3.413816694114631123e-02 1.670846971840036859e-04 9.310459659438787838e+00 3.141509846068926848e+01
3.470656271819722721e-02 1.640851569035152034e-04 2.049226699782462191e+01 9.778129474749964345e+01
3.528323532680354563e-02 1.587400484706243120e-04 8.167117194930208157e+00 3.110248078552034201e+01
3.583616564033797330e-02 1.599386622441910301e-04 1.262575454105311401e+01 6.800132272795178778e+01
3.641383455873543895e-02 1.633424095753960824e-04 1.194468437208071876e+01 6.258076968506379245e+01
3.700100623059227739e-02 1.608654410680132748e-04 1.418515209493093820e+01 5.728945805107455413e+01
3.757666252369989968e-02 1.624577011449612296e-04 2.057001452955899623e+01 7.737661343146552895e+01
3.813636906610425731e-02 1.581063237190449583e-04 1.365207145881241857e+01 6.055375850833848972e+01
3.869908747698899004e-02 1.632913578659074864e-04 1.718363160249182897e+01 8.414733740363183756e+01
3.926902968103598152e-02 1.617923608588785168e-04 1.993119783967120640e+01 1.097508853256642283e+02
3.983750141791003729e-02 1.570084288460670680e-04 2.412777985025884675e+01 1.140563691597797060e+02
4.040401146489380063e-02 1.643585970292533473e-04 1.746351119784997508e+01 6.171825143208049269e+01
4.098996314504811667e-02 1.652199370443296401e-04 1.226128221422246511e+01 4.765992051247896910e+01
4.155470359907439265e-02 1.661665084299053898e-04 1.320993377725530493e+01 5.808919129225212430e+01
4.210676318447025696e-02 1.608337139676539154e-04 1.402994455091493542e+01 8.080441191998195904e+01
4.267300026748887393e-02 1.624591055725213443e-04 2.149301810187572315e+01 1.047581677183392657e+02
4.323883372809297215e-02 1.577695489314309501e-04 1.240330424696311518e+01 5.696914369492781560e+01
4.382331959277842304e-02 1.654946688261179407e-04 1.061231891659203086e+01 4.533838139105203879e+01
4.439388505896047638e-02 1.639001610249120452e-04 1.028862222382349678e+01 4.647457197081624258e+01
4.496527669854279846e-02 1.602628730931795597e-04 1.482092569196525389e+01 7.119797659658712519e+01
4.555015782494536980e-02 1.650418354500462960e-04 2.212703904584133596e+01 1.096864862460841010e+02
4.609073231119419078e-02 1.650237843885140297e-04 1.888723277615405038e+01 9.946954296507519189e+01
4.667440484014855756e-02 1.694125693589137993e-04 1.663178882971523720e+01 7.060528985771129840e+01
4.724268904793308549e-02 1.662882500130418763e-04 1.510481659441075308e+01 8.084346240046399146e+01
4.780768524126427499e-02 1.601127344992610963e-04 1.583192477631318340e+01 7.914369332181955485e+01
4.837514897769674971e-02 1.609780034811082944e-04 1.856065502929018152e+01 7.308558124957971813e+01
4.894668198274897825e-02 1.621735266024022489e-04 1.405393325352352285e+01 5.110826333240560615e+01
4.950356114976578459e-02 1.662643929409625973e-04 1.199853367997834752e+01 4.311311533186093214e+01
5.007874749484842597e-02 1.629282241316234536e-04 1.868464669074099405e+01 8.051798142410316927e+01
5.064850456150266772e-02 1.677126991155782369e-04 1.930726462312773251e+01 8.253216592410662145e+01
5.122393922172926994e-02 1.682494497660782845e-04 2.039922172423244007e+01 7.508552441185555892e+01
5.180719484396950625e-02 1.585492439318933098e-04 1.396910532187467524e+01 5.624795996300665024e+01
5.235117776456495176e-02 1.614264482181835929e-04 1.646655586888812550e+01 6.993418669795813969e+01
5.292848347792404595e-02 1.545788571065662186e-04 1.870626014372291479e+01 9.314055395313941688e+01
5.350767993065921185e-02 1.648324769442961605e-04 2.331175478452351157e+01 1.067611771449522706e+02
5.407998032028890623e-02 1.642714305921339293e-04 2.135892161569958958e+01 8.118260834789720093e+01
5.464366329691913715e-02 1.551566095881092824e-04 1.669907276000911978e+01 6.664490371621049292e+01
5.521389620734500070e-02 1.637222051605867501e-04 1.572793682053876019e+01 5.992926998010712936e+01
5.579316328786096402e-02 1.566227257034954849e-04 1.656017640291089421e+01 5.801334241930887714e+01
5.634067328897209709e-02 1.644245405067100104e-04 2.601556525289786137e+01 1.046125068424837679e+02
5.692222402852188667e-02 1.648619433235761053e-04 1.873835860936793907e+01 8.274142927604025033e+01
5.750977151815653970e-02 1.683291162603124062e-04 1.627539929086442783e+01 6.174465988509532366e+01
5.807151868245802318e-02 1.646675565913841889e-04 1.807376329546315219e+01 8.056897726589984643e+01
5.863290480613227856e-02 1.606355504665075095e-04 1.756642802848048746e+01 6.975629589423517984e+01
5.921986628084284499e-02 1.638030214197368510e-04 2.084269181409500504e+01 8.628384637005008528e+01
5.977262035783244276e-02 1.560498781565910738e-04 1.602332062800511636e+01 6.721849394464265970e+01
6.034388140711819531e-02 1.626082131265836953e-04 1.739193240239699989e+01 7.791921447471989381e+01
6.092465710801513168e-02 1.655681279029592990e-04 1.856689517181339610e+01 7.975197338905093147e+01
6.147980709921725684e-02 1.611450475991300577e-04 1.818452035062697547e+01 7.264184969555191174e+01
6.205604458339185336e-02 1.584450925683470357e-04 2.156399428971522880e+01 8.698892804562085246e+01
6.261966599710923342e-02 1.574101031350741019e-04 1.596709319916738501e+01 6.037201965804664638e+01
6.319563717351148191e-02 1.664498729750326939e-04 1.677215382286691892e+01 6.060035235471066528e+01
6.376847824929215980e-02 1.655947229452803282e-04 1.591775616121052650e+01 5.502949870751141503e+01
6.433191008193522853e-02 1.646603634414905385e-04 1.766131643190786349e+01 6.302793262420841813e+01
6.489490850872466077e-02 1.680070844621078731e-04 1.903714561077261891e+01 7.163914824843708118e+01
6.547225667860621934e-02 1.635508670933077632e-04 1.593786389899793754e+01 6.751239615793758730e+01
6.603979768023882091e-02 1.638579503832842505e-04 1.791482112098050550e+01 7.236398564910781772e+01
6.661216407618542057e-02 1.601987041885169190e-04 1.866095449099333692e+01 7.033257141351786856e+01
6.718149031412952443e-02 1.634154227858188393e-04 1.865730633341346589e+01 7.100932177808718393e+01
6.773357583553624162e-02 1.699959558145358780e-04 1.827655122556405587e+01 6.456563203511403515e+01
6.830015228241877179e-02 1.645837215695679508e-04 1.534406025212612512e+01 7.707725926396267369e+01
6.888814481531078948e-02 1.668500841332103710e-04 1.782512020212011095e+01 7.341647415097607166e+01
6.946361601487703596e-02 1.643963033475265712e-04 1.786783287580622925e+01 7.551399293265535562e+01
7.002980161592421704e-02 1.623724592278157780e-04 1.956391799696381284e+01 7.612021829406492657e+01
7.059418911508169581e-02 1.695314618142822909e-04 2.246948064354285535e+01 8.601683611879577995e+01
7.116683641478312172e-02 1.642464936122728001e-04 1.508286730708073975e+01 6.007653749699531431e+01
7.173657116410352141e-02 1.623365683749772770e-04 1.521200581061651924e+01 5.225052473455453850e+01
7.231499120767362343e-02 1.690150831174583985e-04 1.698556531508704381e+01 7.216991416477689825e+01
7.287001270431736621e-02 1.672489558475645055e-04 1.931708812786523666e+01 9.002918191073801779e+01
7.344303034574162226e-02 1.613336834958290758e-04 1.799878355604718294e+01 7.254650038820290092e+01
7.400117785262232128e-02 1.665565903636315659e-04 1.411967639185066759e+01 5.818604874107399638e+01
7.457637398446366472e-02 1.705533456676057230e-04 1.611308109880994266e+01 6.747903644539304935e+01
7.516541645546517825e-02 1.612250983202691377e-04 1.978045434112238965e+01 8.297212171594060237e+01
7.572431272892361787e-02 1.616415765865117913e-04 1.940052905722514964e+01 7.130953651334334609e+01
7.629544698436750705e-02 1.615947800608119090e-04 1.767402813640264014e+01 6.461526014930851147e+01
7.687122076907432211e-02 1.666254665231434379e-04 1.562282207014953705e+01 6.204243847831580894e+01
7.742977275893572764e-02 1.649305318235188525e-04 1.444248860190128880e+01 5.756146225865983723e+01
7.800027493822106472e-02 1.637549270579537913e-04 1.387111194501600941e+01 5.214315961933662180e+01
7.857614660585231225e-02 1.673001316323391712e-04 1.490377095526505791e+01 5.145473289310611875e+01
7.913825401683838301e-02 1.619767860140001797e-04 1.533878241012552301e+01 6.363288293278809249e+01
7.971101681066276867e-02 1.723983853077875055e-04 1.706069159415159220e+01 6.507950617062726906e+01
8.027831930472525968e-02 1.636740883406094505e-04 1.858133796886997402e+01 7.378958426887564315e+01
8.083941444000425358e-02 1.662084988706979711e-04 1.733465480048140250e+01 6.349533190220605405e+01
8.141652246058445064e-02 1.662146164062212634e-04 1.530144811854273179e+01 5.623760867846991118e+01
8.198309667978292969e-02 1.668629833878500625e-04 1.409844350497639809e+01 6.328054911050436715e+01
8.257221449359129772e-02 1.668787533869776918e-04 1.482363370976875849e+01 7.216724249678425451e+01
8.312592348001478226e-02 1.597813887623558650e-04 1.556116723914007949e+01 6.307670354970359483e+01
8.370175969610105238e-02 1.674010259791400279e-04 1.465069051320008064e+01 5.528138425417128587e+01
8.426557049459663939e-02 1.693333552965577452e-04 1.467583138451753122e+01 6.813624830589667170e+01
8.485453591280281427e-02 1.617969191503560811e-04 1.477821689143116579e+01 6.045013101593536220e+01
8.540712987127574429e-02 1.653735293046033655e-04 1.326590060503516533e+01 4.650849503948896313e+01
8.596592734852792628e-02 1.622537219721956300e-04 1.123697770747016023e+01 4.345274529092745297e+01
8.654683160124829189e-02 1.662521092223187232e-04 1.243931851172163938e+01 5.663678767806580083e+01
8.711187394480549018e-02 1.708524245676286499e-04 1.193045243693281776e+01 3.659789029871689081e+01
8.767557987639561234e-02 1.660761998754740280e-04 1.312594326304237669e+01 5.789921346042249439e+01
8.824503799092958678e-02 1.729987094862163856e-04 1.182016534266290542e+01 5.560832102489796114e+01
8.882260846748538108e-02 1.644315452629581962e-04 1.330895358695294561e+01 4.948272797036612047e+01
8.940542066651581410e-02 1.622117363636054767e-04 1.643154060499166746e+01 5.572709631586476320e+01
8.995865288233204082e-02 1.621588021316359084e-04 1.418621696932909515e+01 6.034431535195182050e+01
9.052403301171496608e-02 1.601890238597332612e-04 1.364390859621163443e+01 5.991425524296686689e+01
9.110211367579847119e-02 1.661667264441691228e-04 1.272450228913756831e+01 5.355554193777705052e+01
9.167210570467521080e-02 1.708060610072439521e-04 1.596856780511473239e+01 6.764283339965938069e+01
9.224928688274160182e-02 1.655403051231118530e-04 1.555115155044899211e+01 7.262229468432340695e+01
9.280984310447960850e-02 1.620454974460464157e-04 1.394941362683358754e+01 6.215488827626717949e+01
9.338042676874135084e-02 1.679177398091040180e-04 1.321530890462132213e+01 4.743015580692680544e+01
9.395749151437102209e-02 1.742476106195895195e-04 1.233413310101935068e+01 4.986540996157691552e+01
9.452181672365110587e-02 1.644153871695032756e-04 1.308200559049214462e+01 4.909249150721986865e+01
9.509306599368862190e-02 1.671017335251165272e-04 1.255529091936051955e+01 4.599173923155230881e+01
9.565895112750513740e-02 1.674463840324318001e-04 1.347743574009217049e+01 5.936997197028076556e+01
9.623345133551969299e-02 1.708734942771072149e-04 1.260121258108430098e+01 6.021832118260577005e+01
9.680757500172836039e-02 1.661965879854899607e-04 1.294163784126753924e+01 4.417075929719399596e+01
9.737151916814271169e-02 1.648361004298262581e-04 1.073951337049255450e+01 3.142229939348095513e+01
9.793245870052114110e-02 1.687556511969770989e-04 1.044166904553727449e+01 3.344531426493518467e+01
9.850521101396773893e-02 1.645980191709068446e-04 1.076384707124924311e+01 3.957745823066458968e+01
9.907820357252204724e-02 1.693223077015295285e-04 1.147919231896480241e+01 4.103524587578186100e+01
9.964639925654095176e-02 1.631194117804824146e-04 1.068813720665233546e+01 4.041010022259286671e+01
1.002204553061709774e-01 1.681886810284757155e-04 1.016036322789730129e+01 3.584071091103970019e+01
1.007853605246687156e-01 1.702189139611269704e-04 1.000340806199280763e+01 3.659343806962447587e+01
1.013764993862843189e-01 1.690271563905362698e-04 8.921512014214673769e+00 3.120681969257769239e+01
1.019235496968429328e-01 1.696068791467422645e-04 1.099352766650723723e+01 6.010565401394818252e+01
1.024979804040738601e-01 1.616351715074148307e-04 9.773266533010124490e+00 3.826468666502587723e+01
1.030616375453615730e-01 1.702156318965682288e-04 1.056921300076133718e+01 3.444124824781834349e+01
1.036359739559214038e-01 1.690447991875113380e-04 1.017910726871570049e+01 4.540625549683584694e+01
1.042035844815853013e-01 1.657372948032404968e-04 1.160394602063890090e+01 4.914052687738342229e+01
1.047624451120728745e-01 1.665085942138372593e-04 1.130706167596144773e+01 4.348740379858207916e+01
1.053393054100050658e-01 1.716355707787055557e-04 1.085402602281732420e+01 4.315577488960907715e+01
1.059167599478507138e-01 1.675736886153987419e-04 1.198783597756946762e+01 4.905430955418091088e+01
1.064785007172546066e-01 1.653830715041824972e-04 9.170967925692957934e+00 3.718499921811346809e+01
1.070365786480302339e-01 1.707264962692641049e-04 9.810008685792130478e+00 3.993128585492458882e+01
1.076210780494416819e-01 1.708282891068500168e-04 9.992378058195649615e+00 4.208058473643644959e+01
1.081840618944647919e-01 1.680899309158214079e-04 9.180071066038735239e+00 3.393574500419830997e+01
1.087655325568281095e-01 1.673363958143003066e-04 9.952410543392288034e+00 3.597410980979108786e+01
1.093420308844602756e-01 1.619969986215966551e-04 1.114257748076084553e+01 4.107380814094462806e+01
1.098915405251582461e-01 1.711713770747418106e-04 1.125314439113684095e+01 5.593144603872588050e+01
1.104696646270175442e-01 1.665372484033569335e-04 8.268595909186668536e+00 4.940609180554403679e+01
1.110403460320305430e-01 1.719626602240874823e-04 8.006157885678435449e+00 3.760778151482635678e+01
1.116066892642436637e-01 1.648078040299754885e-04 9.540451864906103197e+00 3.989904288229649865e+01
1.121800343665495109e-01 1.654793417058265633e-04 8.903458723181724821e+00 4.817475046153587215e+01
1.127535604826949145e-01 1.645355191746400425e-04 9.847382025713029563e+00 4.052532328630281455e+01
1.133190864708853857e-01 1.685230894084306500e-04 8.655247156807293507e+00 4.011237757858445718e+01
1.138867169370738064e-01 1.647708990445188003e-04 9.027465840856882195e+00 3.946169694765968927e+01
1.144596199760147398e-01 1.650362320342765551e-04 1.082528753810683675e+01 4.802544423115426753e+01
1.150202417555975659e-01 1.691922380845324516e-04 1.087875684079696015e+01 6.389544462710545503e+01
1.155936075166240501e-01 1.674543257971322597e-04 1.300121825954063048e+01 7.463398334323082395e+01
1.161665504789115982e-01 1.624010763174748607e-04 1.010611862852058884e+01 5.178367017274388218e+01
1.167336927833982491e-01 1.684677182247846302e-04 8.939484115708463463e+00 3.505747999615014265e+01
1.172977058616017365e-01 1.614913336281935830e-04 7.749961145177882926e+00 3.100710007610019403e+01
1.178716138364763188e-01 1.745397948879667317e-04 8.128997561753109835e+00 2.929304288875894002e+01
1.184332049458125535e-01 1.654465492798394685e-04 8.234624807785650091e+00 2.966472073271509657e+01
1.190083913076313837e-01 1.649407264701020412e-04 8.480227771633673584e+00 3.193818989455553492e+01
1.195644455672652123e-01 1.695518407163523734e-04 9.180031521104591974e+00 3.600394574055459174e+01
1.201468753816130469e-01 1.642631282383706832e-04 7.917811102228744069e+00 3.088304994720244423e+01
1.207208976382917187e-01 1.726646040006520370e-04 6.174091591223017872e+00 3.068665401626582678e+01
1.212862011837980702e-01 1.634060248110573161e-04 7.510658135413034842e+00 3.464491237187428396e+01
1.218549472960864383e-01 1.723834259514729519e-04 7.922292400979950244e+00 3.518581690349805768e+01
1.224359010613534776e-01 1.699057885669923921e-04 8.485040911191372714e+00 3.788509158602503391e+01
1.230038584373980004e-01 1.666362271226837601e-04 6.821244449806391330e+00 3.225273815441566683e+01
1.235819646486128187e-01 1.650293008833699448e-04 7.319678684835145610e+00 3.459758495584148363e+01
1.241276194902872637e-01 1.608633191132131978e-04 8.063539257760666601e+00 4.020059488947022430e+01
1.247108170406872329e-01 1.708768635590573060e-04 1.016388423162252508e+01 4.822945709661674840e+01
1.252711770895847676e-01 1.719437243977810486e-04 9.229587042571269606e+00 4.049333094334885885e+01
1.258523254243059941e-01 1.670111110149682184e-04 1.024351325688792080e+01 4.571988021876517649e+01
1.264173886429429960e-01 1.632972749234440010e-04 1.042954701256011774e+01 5.649612055812982447e+01
1.269782036133370040e-01 1.715336750145753759e-04 1.048412592862639059e+01 7.184057899445190287e+01
1.275438464508059366e-01 1.681586934386258413e-04 1.158082442180853455e+01 6.610543634210881692e+01
1.281196746025224931e-01 1.629770595081583514e-04 1.112199402374628043e+01 4.988841814593698842e+01
1.286854005671526080e-01 1.681637671763724603e-04 1.004452308022209017e+01 4.606345494429435661e+01
1.292719046853364473e-01 1.673553129406866828e-04 1.106471856203185311e+01 5.244690389720217638e+01
1.298359361623858677e-01 1.669958710080490208e-04 9.955294973887125920e+00 4.704807713531104696e+01
1.304117400788845915e-01 1.675343235492523846e-04 8.515334626072300850e+00 3.743864207978322156e+01
1.309649313289382999e-01 1.655458884752918612e-04 7.082242358182832653e+00 4.378185003946939702e+01
1.315383804460351913e-01 1.691291339598745920e-04 7.626483111336075815e+00 4.269599358881085038e+01
1.321208791412715189e-01 1.697599439704705962e-04 9.183825538437176306e+00 3.692404756365367291e+01
1.326931389771228986e-01 1.700778374243576462e-04 7.762937643942223964e+00 3.021194646620512358e+01
1.332635348647804030e-01 1.597348523716515313e-04 7.717884378595272210e+00 2.519073569157002268e+01
1.338126966276124707e-01 1.673589292917290099e-04 6.526612453342714559e+00 2.224310486347344096e+01
1.343931875177541979e-01 1.760027783521134204e-04 6.439866348943283469e+00 2.220227544570312972e+01
1.349637082262853116e-01 1.683150099603689998e-04 6.814501016040752646e+00 2.452712958223496287e+01
1.355151018215449144e-01 1.682619578811519545e-04 8.690596133995416750e+00 3.724132952615534720e+01
1.360926244962166465e-01 1.702505634314507377e-04 9.522875512065404280e+00 4.673107836951196248e+01
1.366652140001136384e-01 1.723153919778318993e-04 8.396401539735508734e+00 5.003852457433801248e+01
1.372394464274597770e-01 1.629734902016083766e-04 8.833692980000735773e+00 5.210219522107453827e+01
1.378133076575878413e-01 1.596224896915223552e-04 9.348375432341072155e+00 5.213267530116934978e+01
1.383744152766668289e-01 1.714733100519451401e-04 9.466824580978526527e+00 4.645551717088473964e+01
1.389436875896308821e-01 1.702532512669093087e-04 9.052114815881406429e+00 4.355673266130143162e+01
1.395184025993782828e-01 1.697775232574416865e-04 1.088667203719484711e+01 5.495997337725896159e+01
1.400936903042949988e-01 1.643788075618148818e-04 8.748642726192770169e+00 4.172385741728319886e+01
1.406570420990415349e-01 1.693085516378434088e-04 7.190960400804286223e+00 2.573055963248427958e+01
1.412187041214766903e-01 1.676601971458876995e-04 7.291959111121014026e+00 2.569553796634888698e+01
1.417935997494934319e-01 1.686713415003136623e-04 7.220032635378358599e+00 2.688322012844796660e+01
1.423572811377200598e-01 1.708583748430061858e-04 8.678159294635472421e+00 3.750938516497659236e+01
1.429353201406737273e-01 1.696901727987475974e-04 8.448344646503359812e+00 4.497910880143611934e+01
1.435160768602669890e-01 1.666103315266726295e-04 8.105181482465424025e+00 3.250514463083158034e+01
1.440700492291181467e-01 1.653585901823668698e-04 8.519535798569551233e+00 2.960897295274387275e+01
1.446492750366302205e-01 1.636801177407146439e-04 8.439428695226562027e+00 3.377039290537602056e+01
1.452139164066325594e-01 1.698063128541927409e-04 9.023494464343142951e+00 4.308943760035885617e+01
1.457888268089335970e-01 1.662507159142958115e-04 8.276254228244514621e+00 4.006738870396061003e+01
1.463591611609162402e-01 1.709243227730045101e-04 9.836874799046132267e+00 5.057739522614198080e+01
1.469323721658051252e-01 1.688391618852784308e-04 8.335598801792979629e+00 3.773752449426409328e+01
1.474976654255616138e-01 1.663341177058824997e-04 7.404656790309251058e+00 2.948050974572310068e+01
1.480667435478068006e-01 1.704895953838285157e-04 6.420205824442184017e+00 2.752108719960763850e+01
1.486326664153425903e-01 1.708960827099328679e-04 7.188945571098550147e+00 2.807463647112017213e+01
1.492090571033056201e-01 1.720712397281853954e-04 8.292352206906249634e+00 3.538416118820590839e+01
1.497828121928467537e-01 1.667220941463491712e-04 7.905234479833494809e+00 3.668458467511011634e+01
1.503403973951179806e-01 1.680886262892516546e-04 8.791159457040897962e+00 3.895584420817060334e+01
1.509233426061577787e-01 1.710523174457266756e-04 7.740840866778518681e+00 3.401146233099179028e+01
1.514858444390692893e-01 1.653507526384449290e-04 8.890125203888977978e+00 3.033052747215468870e+01
1.520565042826532154e-01 1.708880935727702811e-04 8.038379280637126811e+00 2.877324139784950674e+01
1.526246728101311179e-01 1.669062602022648766e-04 7.852139796206863309e+00 3.393058954198507138e+01
1.531982178240802739e-01 1.734372587694212823e-04 8.888890021857527302e+00 4.424456266654368619e+01
1.537795208217367371e-01 1.659298229738159021e-04 9.768980083367015510e+00 4.309453531898184764e+01
1.543339712011830289e-01 1.684373421495385600e-04 9.108534010698038585e+00 3.639191335943272776e+01
1.548914921152363400e-01 1.641307430594241739e-04 7.357360977430613680e+00 2.675768432872937552e+01
1.554744467726476564e-01 1.714484855896921702e-04 6.960830878503844410e+00 2.945106181727467742e+01
1.560350515795889959e-01 1.717706755962703511e-04 7.654676854916019124e+00 3.363845113301799472e+01
1.566113610445661608e-01 1.620119395271334378e-04 8.057799179255889399e+00 3.551908778317753956e+01
1.571829302105019754e-01 1.713982207458600825e-04 7.989025636608235281e+00 3.947000614223374271e+01
1.577603266189017417e-01 1.709589273337963936e-04 7.882422399268537383e+00 3.223617095958648804e+01
1.583296007218068235e-01 1.665060926727861062e-04 7.896464144091054571e+00 2.913403055367319894e+01
1.588885210353248589e-01 1.663524649440744881e-04 6.391837419267050180e+00 2.626696187833632123e+01
1.594623792559211328e-01 1.683060798658050070e-04 7.117987184049930249e+00 2.641156958607345473e+01
1.600409209049072357e-01 1.705475534888211602e-04 6.823339996519587558e+00 2.487390254178529148e+01
1.606009337438976392e-01 1.657115937173483965e-04 9.801759965149274834e+00 5.346788378666238373e+01
1.611812472704714783e-01 1.661867161368420990e-04 9.385180673979045096e+00 4.612765454410133970e+01
1.617351430580840910e-01 1.646810546292878463e-04 8.079831780251168993e+00 3.918667407908646538e+01
1.623087753355431928e-01 1.699193761239879772e-04 8.816130262018040398e+00 4.423958684254784401e+01
1.628783916335759252e-01 1.707561136145641437e-04 8.172166751669058371e+00 3.807461981235668702e+01
1.634555415816334734e-01 1.705528694646067601e-04 8.383088315911304989e+00 4.071684280600157990e+01
1.640281010774100046e-01 1.660211877759876860e-04 8.321158225143147291e+00 3.889335419035960939e+01
1.645954144452040635e-01 1.665254874424676240e-04 9.229086049534567238e+00 3.937406020299475529e+01
1.651622615103143232e-01 1.697011457347012643e-04 6.203521961015886710e+00 2.587780238386286058e+01
1.657248019272627715e-01 1.675438479222653924e-04 6.812092513173813479e+00 2.585568621197935357e+01
1.662952851450510694e-01 1.580954340160510411e-04 7.065434394863763679e+00 2.951753417379222810e+01
1.668578165651121714e-01 1.716472457220052754e-04 6.244524099490397440e+00 2.501173740501632636e+01
1.674386570384668593e-01 1.659483070560351299e-04 6.408153225830940158e+00 2.805834308879124350e+01
1.680138883255248849e-01 1.628169019144704434e-04 7.605669059714249336e+00 3.457601612208528508e+01
1.685814696426994053e-01 1.648858487683826219e-04 8.084063247692574450e+00 4.539365618716526996e+01
1.691414552254653370e-01 1.649383527118534836e-04 6.908570294445479654e+00 3.794963828435895437e+01
1.697192522370761236e-01 1.743040069974555021e-04 6.268578368671058776e+00 2.603981382798841793e+01
1.702861989506890272e-01 1.659343260864653256e-04 7.108617237151016788e+00 2.870957101123694244e+01
1.708555192059769412e-01 1.702607368784936478e-04 7.483971527947791635e+00 3.575373548442708938e+01
1.714203064099581453e-01 1.666232625676441884e-04 7.518815577437402808e+00 3.715480338054083376e+01
1.719915315867991124e-01 1.666661352054492329e-04 7.879089115791774844e+00 4.322287117601694462e+01
1.725582989931229161e-01 1.697841491549403512e-04 8.433867223176825689e+00 4.492515074921807638e+01
1.731307725169888012e-01 1.680738129634986320e-04 8.454241238092475186e+00 4.941023418066519213e+01
1.737023297046779158e-01 1.711176412729898506e-04 6.740545990271031407e+00 4.421991480681003850e+01
1.742790755037061101e-01 1.652937185984959523e-04 7.812144498392624037e+00 4.567487897156703269e+01
1.748453508017018265e-01 1.669047387541311921e-04 7.982447604556654142e+00 4.333711889670662032e+01
1.754133680162056896e-01 1.625795131571050145e-04 7.481829918101442267e+00 4.071335975325418133e+01
1.759830991140207690e-01 1.621747084322682614e-04 6.920943638606972037e+00 2.956965064092682027e+01
1.765512097129400826e-01 1.704967207449484669e-04 5.648712476641993163e+00 1.800326878860697732e+01
1.771185830753767287e-01 1.641208877646102723e-04 5.991513214618923833e+00 2.180038772044903084e+01
1.776923210657123109e-01 1.672563053898316811e-04 6.588010911049842377e+00 2.633588329124085448e+01
1.782611085748201929e-01 1.658829356994014060e-04 6.933555003690573315e+00 2.846292936927479289e+01
1.788198487199602893e-01 1.661944963702489009e-04 7.212952179952618614e+00 3.039843531525136910e+01
1.793966729231586954e-01 1.699200004908378385e-04 7.174212912133866027e+00 3.899091261353068205e+01
1.799685377207802250e-01 1.622831847390193477e-04 7.843839193106292740e+00 3.754458528674595641e+01
1.805374639873401910e-01 1.632321959753123112e-04 7.444713125336903659e+00 3.718273254516306991e+01
1.811054270255464116e-01 1.678329081266603795e-04 7.146603649437544448e+00 3.861728409989873967e+01
1.816880735668640334e-01 1.639813444109621801e-04 7.811959653547348559e+00 3.757916685393326617e+01
1.822404567797751562e-01 1.689493134685231908e-04 6.343487962868939789e+00 2.839800600404910824e+01
1.828098984474274546e-01 1.656500388959744282e-04 5.700889473956471498e+00 2.095036047479319663e+01
1.833760154972852996e-01 1.673590215321809672e-04 6.806257346197832625e+00 2.516067426832757903e+01
1.839540933852586158e-01 1.643478983890809728e-04 6.156704278837521471e+00 2.975742803819878901e+01
1.845347931782954087e-01 1.651451476611681289e-04 8.362413072480773479e+00 4.668249891315540623e+01
1.850989654882407021e-01 1.639858781632834743e-04 9.232719704976348751e+00 5.374827221546414791e+01
1.856664346401400156e-01 1.670299672942184271e-04 8.401585153311058818e+00 5.239262843760334221e+01
1.862382309972476779e-01 1.681090127165943513e-04 8.386923046311405727e+00 5.433365059633494099e+01
1.868007063580905125e-01 1.625439114985722773e-04 7.148451181366488605e+00 5.092358941293188934e+01
1.873670807644211012e-01 1.650918917128517470e-04 7.438072423234107333e+00 4.316604980890078025e+01
1.879391933069048115e-01 1.649437069260923944e-04 8.730770124891009232e+00 4.928028319255521694e+01
1.885129676452813596e-01 1.673256863345025922e-04 7.491550021970601492e+00 4.128323920943470426e+01
1.890911816275029356e-01 1.660729938273263341e-04 7.390353639027094523e+00 3.441444359934614283e+01
1.896630382026828765e-01 1.652896748495677980e-04 6.166697255600325001e+00 2.643980494325918684e+01
1.902105580841548516e-01 1.687800430099801194e-04 7.012489787630921789e+00 3.467749339148041088e+01
1.907969566099709524e-01 1.643651521377695887e-04 7.710135558843458803e+00 4.369973866499763915e+01
1.913694692675246833e-01 1.669265353022334961e-04 6.485943104444714891e+00 3.624022987406851826e+01
1.919271959833491470e-01 1.656488367038919454e-04 6.270201402289222514e+00 2.991700393625142951e+01
1.925096656518574256e-01 1.680199249038105951e-04 6.383444685745150338e+00 3.612174873306597078e+01
1.930725441204411419e-01 1.651599178082595776e-04 5.611908177300893641e+00 3.440207647364936605e+01
1.936423556598217133e-01 1.627325070677041363e-04 6.517980580265852808e+00 3.780210354025298614e+01
1.942125996627394879e-01 1.652563733749789023e-04 7.457617758001997110e+00 3.880156788006839719e+01
1.947826894167630218e-01 1.631132812114081856e-04 6.846348437897934680e+00 3.444644838107347340e+01
1.953494363019294133e-01 1.646354331230435596e-04 6.197411749198952435e+00 3.000059365997296368e+01
1.959269776502379490e-01 1.638210838710137877e-04 6.884246687011003729e+00 3.175733249224470001e+01
1.964853950730873489e-01 1.627127470444942952e-04 8.340360499569802855e+00 3.829439727688238548e+01
1.970520945833780790e-01 1.688680869337449487e-04 7.417918537312273131e+00 3.392609929525937673e+01
1.976245213459059957e-01 1.667316677110642687e-04 6.748652953105630736e+00 2.963947259022365088e+01
1.981927079013373616e-01 1.662622160722579065e-04 7.335049662485979560e+00 3.697827575084286167e+01
1.987786804688311537e-01 1.628862343926613390e-04 8.724430216885306066e+00 5.478974411332691119e+01
1.993394071732884354e-01 1.700978422624696974e-04 8.604736602819990310e+00 4.297468104415057866e+01
1.999138611651096742e-01 1.675736893064174631e-04 6.644034330230486063e+00 3.310214571432224773e+01
2.004865665949209508e-01 1.637064821273745982e-04 6.656248432332419362e+00 2.667804215599653972e+01
2.010405000998360392e-01 1.656989220625326481e-04 5.629838138612106135e+00 2.238970069799939466e+01
2.016107747328554356e-01 1.587742390647159483e-04 6.266601333602019430e+00 2.747782334449102137e+01
2.021831499372934715e-01 1.674459431522341076e-04 5.779998496913433037e+00 3.155326331850438848e+01
2.027535478141667680e-01 1.635587379491119280e-04 6.687361556623173442e+00 3.440956246301592358e+01
2.033272770052947376e-01 1.647866981759801006e-04 6.635174172482783739e+00 3.287670392729268087e+01
2.038812005574084651e-01 1.678058598551661373e-04 6.357901287295471882e+00 3.092264795615558981e+01
2.044544213709885705e-01 1.577163310217307162e-04 5.964703876668582261e+00 2.910576468637278325e+01
2.050328967043986428e-01 1.694751557760307325e-04 6.333512202214307329e+00 2.873682303411959182e+01
2.056040729557925550e-01 1.632353124640708848e-04 6.906677525055371802e+00 3.282148439130829587e+01
2.061690691777390561e-01 1.617947971517461590e-04 7.362768423154125941e+00 4.585006422968427131e+01
2.067386485294207821e-01 1.647580013564570308e-04 6.257246519297291698e+00 3.724611361652657138e+01
2.073082528100475275e-01 1.633475868651577544e-04 7.201130993742163255e+00 2.900086089524930699e+01
2.078767521812889540e-01 1.651624951100120998e-04 6.269779110728555871e+00 2.628492686692796454e+01
2.084533130027714509e-01 1.636846176658697451e-04 6.627427806425410850e+00 2.987161843357894497e+01
2.090121201361578585e-01 1.625253886629805767e-04 6.448759783841535587e+00 3.149340135812854768e+01
2.095846489155098191e-01 1.675802736808782172e-04 6.722324109156800453e+00 2.969953921433807764e+01
2.101609112161537951e-01 1.629166150755364661e-04 6.302457311792653449e+00 3.017078729914086566e+01
2.107242563165725169e-01 1.628084909148305324e-04 5.910915754042318504e+00 2.590202576062643303e+01
2.112930304745659349e-01 1.601908456826883157e-04 6.600361121785407903e+00 2.618158101965890339e+01
2.118656454674253398e-01 1.663718038587762120e-04 6.659334444495724092e+00 2.898785137046301941e+01
2.124330164827633038e-01 1.601521977569533037e-04 7.242059601124217316e+00 3.942725941369651110e+01
2.130096308128698601e-01 1.610013758882795399e-04 5.742779056094728496e+00 3.534341916142329865e+01
2.135761786234534054e-01 1.627425752303686900e-04 7.203637423254067862e+00 3.208200416544220701e+01
2.141460662841166984e-01 1.635810347007243272e-04 6.010398896787775946e+00 2.788426502419677178e+01
2.147109799346677284e-01 1.650930441204477735e-04 6.228517049283129658e+00 2.806494022023238344e+01
2.152902035693864402e-01 1.581910018996702985e-04 6.125976415730625568e+00 2.687458360201861751e+01
2.158543133930870273e-01 1.628784438911174478e-04 7.550428206099695672e+00 3.441181560754044000e+01
2.164220658572743317e-01 1.636770948101530672e-04 6.063580848481921137e+00 3.192343869727443106e+01
2.169942009069134037e-01 1.616416058706817967e-04 6.892279946747240871e+00 3.755707069949691146e+01
2.175584042022586095e-01 1.583739413660548872e-04 5.871235297842999579e+00 2.739146292469693833e+01
2.181319983841804866e-01 1.630443635340187716e-04 5.858385115506885121e+00 2.174134392786943692e+01
2.187067192563021123e-01 1.684713360806406191e-04 6.132611846031352343e+00 2.148833136515461817e+01
2.192763678656061976e-01 1.578548878215902762e-04 6.854547420798053459e+00 3.770179060679278393e+01
2.198356467043218743e-01 1.556145240350167329e-04 8.083596199858041231e+00 4.847185500380252421e+01
2.204043900375742548e-01 1.626042110793129406e-04 7.403150935836422697e+00 3.627384154533777405e+01
2.209694125996400915e-01 1.561612905233599651e-04 5.364933589351417176e+00 2.147151288515838630e+01
2.215364599575378735e-01 1.648672218437631596e-04 5.642065180230593668e+00 2.534372307689874049e+01
2.221230767877083179e-01 1.602588016805225131e-04 7.195258295151020000e+00 3.934656288235965604e+01
2.226941303184733489e-01 1.603008689162900688e-04 7.683867986903080372e+00 4.379141330428358003e+01
2.232628183902861108e-01 1.658110895484631833e-04 7.712088142561701609e+00 4.372110646912420862e+01
2.238327589405496587e-01 1.670910283275043402e-04 8.621228217170369135e+00 4.687818164862733994e+01
2.244043831047867477e-01 1.633427701572330950e-04 8.595998277226161832e+00 3.804381432116255013e+01
2.249732321653456768e-01 1.575975498359372400e-04 7.491589988076559514e+00 2.940222777597489667e+01
2.255297175036627966e-01 1.635747680665086039e-04 5.890457948357616047e+00 2.018659096271558440e+01
2.261054552835213005e-01 1.587344179955073222e-04 6.144865307942072086e+00 2.294673826563628438e+01
2.266790421479293882e-01 1.601215187409958717e-04 7.213086697166396277e+00 2.450381121032099685e+01
2.272424826299562772e-01 1.656286877319161144e-04 8.081178669527940173e+00 3.009990431440879988e+01
2.278127803550948904e-01 1.604923664912822083e-04 7.054679151507417423e+00 3.485802875476890961e+01
2.283804473101106736e-01 1.611857796431520899e-04 7.700127872228322623e+00 4.663311921799784443e+01
2.289513231384698033e-01 1.618359246956096184e-04 7.111778266707435847e+00 3.823303796698039747e+01
2.295200371151874252e-01 1.600442603563649406e-04 8.863263469588398280e+00 3.571898340691220142e+01
2.300821415316808560e-01 1.588430048542337247e-04 9.312206544067409553e+00 3.846777867846773091e+01
2.306678673481110664e-01 1.643329792510363500e-04 8.323612295494358548e+00 4.045651194233730763e+01
2.312302767528250091e-01 1.576455756175852935e-04 8.656025918175147993e+00 4.002722806623843610e+01
2.318051249405719827e-01 1.599734760012046198e-04 8.027407039629581575e+00 3.512939602274298778e+01
2.323618766650259460e-01 1.608761445928619173e-04 7.864023290064702465e+00 4.153591530783582186e+01
2.329536082040715439e-01 1.607149592139251468e-04 9.720101206231444024e+00 5.617986193228748704e+01
2.335086089531910880e-01 1.625990273134862230e-04 8.222839692968488379e+00 5.199728511451130686e+01
2.340776516547947994e-01 1.615018019875962983e-04 8.813996536116864178e+00 4.771956488018980735e+01
2.346463073780604147e-01 1.593963810398705172e-04 7.360202136518021021e+00 3.254876827390273064e+01
2.352075023171711909e-01 1.654986723313985964e-04 8.213009147408859789e+00 3.893321238625244973e+01
2.357922454085833730e-01 1.584967601520480458e-04 9.022898681787131281e+00 4.301049811442676685e+01
2.363554473567989755e-01 1.623460124438152997e-04 9.229568533323790902e+00 3.775897309133454627e+01
2.369216734823706982e-01 1.555566138425155812e-04 8.517682135822470357e+00 3.548376067949541834e+01
2.374850407388586215e-01 1.600242788703258232e-04 8.526769063055606779e+00 3.644345797354475280e+01
2.380736238316799591e-01 1.614165794645191479e-04 7.870276805292183653e+00 3.463238137649963733e+01
2.386249048559993813e-01 1.550455976186570117e-04 9.787160544819936803e+00 4.032600271756238897e+01
2.392089938508372426e-01 1.585871466711550031e-04 9.009775632113312227e+00 3.535374814206137017e+01
2.397586492273964531e-01 1.542889886716400914e-04 8.209220212444199305e+00 3.716504027772251817e+01
2.403390279804368257e-01 1.599130623999733976e-04 8.773654655300378025e+00 3.638819011907944656e+01
2.409124617368978982e-01 1.530983716088323053e-04 9.317644923443925364e+00 3.688514142864774925e+01
2.414799320226650725e-01 1.599758585625334854e-04 9.331831641153565116e+00 3.607113134195673609e+01
2.420579430315584479e-01 1.642928768119902741e-04 8.374172273133254407e+00 2.887237103466026866e+01
2.426158212261464719e-01 1.605405676473826353e-04 9.573688858128875268e+00 3.437110938637490420e+01
2.431871541175950335e-01 1.586045574775990106e-04 9.679930453238132060e+00 3.887451391376167464e+01
2.437549912957616693e-01 1.582957928617037557e-04 9.868817327237620063e+00 5.287661880091103228e+01
2.443269036474630118e-01 1.657051583628396467e-04 8.671081978173392102e+00 4.612334509728196252e+01
2.448988154775705028e-01 1.534018463657675678e-04 8.962186730375011123e+00 3.769241223856255374e+01
2.454742887249686534e-01 1.597456634418220514e-04 9.562744599360227582e+00 5.032234039816553661e+01
2.460455308393555696e-01 1.603272292798897636e-04 1.016012970868822762e+01 5.762894021990494053e+01
2.466085710075628934e-01 1.565241293663951268e-04 1.079648041563370953e+01 5.584033853848876561e+01
2.471769250080105285e-01 1.612919334315125427e-04 1.031296234565900960e+01 5.063459561169370460e+01
2.477483399855357760e-01 1.551508576185788588e-04 1.091591552503911267e+01 5.549740843798434753e+01
2.483163129221378218e-01 1.664579039532429971e-04 1.027426491970488520e+01 5.777857476626945044e+01
2.488847661109288290e-01 1.583743304400324857e-04 9.068730637105053560e+00 4.893645233519416138e+01
2.494584859743143868e-01 1.651090316705208685e-04 1.015800391845641748e+01 4.659634046806705499e+01
2.500331084143084803e-01 1.650644086106154264e-04 1.025223609468375585e+01 4.559795439283526974e+01
2.505969703999250675e-01 1.574039962483625031e-04 1.002998079227275774e+01 4.493379566506524014e+01
2.511705407444894123e-01 1.647749814245053762e-04 1.044757769136132453e+01 5.155158963343831857e+01
2.517355376848719462e-01 1.590824091923079460e-04 1.264813202112925516e+01 6.138607954348239559e+01
2.522923573710131318e-01 1.607901809368215799e-04 1.002970528643239767e+01 5.172490601282663647e+01
2.528806241079915584e-01 1.551165224795003487e-04 1.006026111998806272e+01 4.420281790916853026e+01
2.534458185468463354e-01 1.584846851240137783e-04 1.003178270003572869e+01 3.482266801043955695e+01
2.540112859467280604e-01 1.633575639505555131e-04 9.157177939567109348e+00 3.466737466114711452e+01
2.545780811012927636e-01 1.607104971399101552e-04 1.071459785785051722e+01 3.642032117245297229e+01
2.551603298998748603e-01 1.593290039259000700e-04 9.084760095293635374e+00 3.247021267350896068e+01
2.557291667438552629e-01 1.633709808944978177e-04 9.214296064538027409e+00 3.482765074838436448e+01
2.562893405348088405e-01 1.607542840021269502e-04 7.446388299985290615e+00 3.670794589902535421e+01
2.568614271328267251e-01 1.629628891664764258e-04 8.237109706413329846e+00 3.197238264269750374e+01
2.574236272048012752e-01 1.544601242685347342e-04 9.028616241088124994e+00 3.081718232736531959e+01
2.579925105251489326e-01 1.624869376959318500e-04 8.787581521510261950e+00 3.581166579209537559e+01
2.585666947920240433e-01 1.569457154413965243e-04 1.105870943899326164e+01 5.601571025840722484e+01
2.591464555980901863e-01 1.624079175767889291e-04 1.249271874144504224e+01 6.045536786676804297e+01
2.597013853681899853e-01 1.555987843087290297e-04 1.144069117503993560e+01 4.844845388160499056e+01
2.602688605235866648e-01 1.618295739839426223e-04 1.063583269900133565e+01 4.370124662050423581e+01
2.608478653432861338e-01 1.599236847922531424e-04 8.943739522959894828e+00 3.774155853335603439e+01
2.614046514161166845e-01 1.559380594248451141e-04 9.454637979645053036e+00 3.450939055453622473e+01
2.619852980622495719e-01 1.613041231069578139e-04 1.008871204374747421e+01 3.816872464241374985e+01
2.625486070552420226e-01 1.570045653880223731e-04 9.460600869316371231e+00 3.713796962732104134e+01
2.631312352450250192e-01 1.592246593805183316e-04 1.090442313316955669e+01 4.326499775103089007e+01
2.636911981452595977e-01 1.615426255145590738e-04 1.071273665869157199e+01 4.566870127146376035e+01
2.642570300031675812e-01 1.605001015720065004e-04 1.129598565400437771e+01 4.165271997337809751e+01
2.648274107287381107e-01 1.624831593044774017e-04 1.107318658276487078e+01 4.067582733017341212e+01
2.654003258056212289e-01 1.671632502291079000e-04 1.205621659462862283e+01 4.214764908509321373e+01
2.659679031378361924e-01 1.588523110307746386e-04 1.099373083700299603e+01 4.835342405806199650e+01
2.665315132681649324e-01 1.617799340543452059e-04 1.131469973853313782e+01 5.214341019320325188e+01
2.671140783765637572e-01 1.631089537586354076e-04 9.234595396337883955e+00 3.976176706746719702e+01
2.676865358182379806e-01 1.754703902418421491e-04 9.097793791944976505e+00 3.795094295052218314e+01
2.682510607736884323e-01 1.627917084613128291e-04 7.832288126064002931e+00 3.449435158433809079e+01
2.688332234426420442e-01 1.632562408509838478e-04 6.261927839526661543e+00 2.247138739204980951e+01
2.693859301948785534e-01 1.634328090711564016e-04 6.150658899839652527e+00 2.040320104916980881e+01
2.699502532632526708e-01 1.651117483834836956e-04 4.370675520441298367e+00 1.341500395924872713e+01
2.705340772571664387e-01 1.666890689048086736e-04 5.560828716164168739e+00 1.752136606255519169e+01
2.711079228842736555e-01 1.592184522601628924e-04 4.332683456953216883e+00 1.157583690279022370e+01
2.716478890338705487e-01 1.665195506078365694e-04 4.058837651772051913e+00 1.091391449934809188e+01
2.722395709048466839e-01 1.613273678099250770e-04 4.461848213376780059e+00 1.435209850912512408e+01
2.728043752931603727e-01 1.659247489953046808e-04 4.740307152686198400e+00 1.799365935154670382e+01
2.733779715908470909e-01 1.600847931543538890e-04 3.976981481166497190e+00 1.078443896136188407e+01
2.739417159832534532e-01 1.654437659761128681e-04 4.050709393146312287e+00 1.058925611805111799e+01
2.745137389218132440e-01 1.673898935226541607e-04 4.494439390205017482e+00 1.266032543288832102e+01
2.750931453943705196e-01 1.623404241851787841e-04 3.470054896273413458e+00 9.577898397977623546e+00
2.756563094658878166e-01 1.722640070665888397e-04 3.138673739502261029e+00 8.160895301120806522e+00
2.762268829587557484e-01 1.571059334776789653e-04 3.266037131407318217e+00 7.891645026513153915e+00
2.767863946278777965e-01 1.778551116990348792e-04 3.026731316076084255e+00 7.682902397968079278e+00
2.773652089271663179e-01 1.667676548541569687e-04 2.919239477625846124e+00 6.176743425235135199e+00
2.779432981779711431e-01 1.603112808060304774e-04 2.744687358226007401e+00 6.847457013590723562e+00
2.784969006827557880e-01 1.556280453225578758e-04 2.536681147086230048e+00 6.596776333826930738e+00
2.790801707705863888e-01 1.608268253305317089e-04 2.410649505382624458e+00 5.308937258511802426e+00
2.796299819522420349e-01 1.690178032003359515e-04 2.565663882380782024e+00 5.982505725317083467e+00
2.802123004012291863e-01 1.622873766481829929e-04 3.396665814606844247e+00 7.904312704044404114e+00
2.807700252188060075e-01 1.583765483501236931e-04 3.044057360489606623e+00 6.798474191824102952e+00
2.813607555560650453e-01 1.657670880066229721e-04 3.253115058807994231e+00 7.624618994731133803e+00
2.819314124453813353e-01 1.676263519219117618e-04 3.261494064502358903e+00 7.821379226225734449e+00
2.824834743287791827e-01 1.626663001436886072e-04 3.575326370482867944e+00 9.046907453708049829e+00
2.830601241442730620e-01 1.605837502171655483e-04 2.879459672903196932e+00 7.304616549232014755e+00
2.836370461734557535e-01 1.671653533727890818e-04 2.320431692391929701e+00 5.160182897910720712e+00
2.842110275408959441e-01 1.612027758322357959e-04 3.200760141091089750e+00 8.942990674634417658e+00
2.847700945066340417e-01 1.620917043077943541e-04 2.541459867439557652e+00 7.618192726028574668e+00
2.853416967566472784e-01 1.631919357554754426e-04 2.776364323811762347e+00 6.205129027174695722e+00
2.858868565033707010e-01 1.651579331699486262e-04 2.395823503620595929e+00 6.320034601981402211e+00
2.864705369743433261e-01 1.782219821099616339e-04 2.526069008447765274e+00 5.607636895428155022e+00
2.870506414626268765e-01 1.531906665666860859e-04 2.247438287777300037e+00 5.471672374303123476e+00
2.876145202704253889e-01 1.679186277855600825e-04 2.120685489561478843e+00 5.223699554629557262e+00
2.881699965234688632e-01 1.639993322242783744e-04 2.198029136589186194e+00 4.170140395956210000e+00
2.887636227766814945e-01 1.688556529706802475e-04 2.199160240684604251e+00 3.604644788642506370e+00
2.893385455126777361e-01 1.585521611288347849e-04 1.941113013603457782e+00 2.964141247196789397e+00
2.898846027247463097e-01 1.600827161048473798e-04 1.947711285269530856e+00 3.458165703751351572e+00
2.904457324731010148e-01 1.709895213170801065e-04 1.676632243218103557e+00 3.150825338252633223e+00
2.910241371108869268e-01 1.639460274481177994e-04 2.309898493776565864e+00 6.340144912628378648e+00
2.916035328571668916e-01 1.604490422124226661e-04 2.264946005866609102e+00 5.684089721469824497e+00
2.921789976081960449e-01 1.504444776589615224e-04 2.514310835823198698e+00 5.874208242425545734e+00
2.927527214349236462e-01 1.681778397392199318e-04 2.436582508353912324e+00 6.329378733829253534e+00
2.933065318916548425e-01 1.636436259351460999e-04 2.254732723216531287e+00 5.121564312295572741e+00
2.938975507921917085e-01 1.545245176108965134e-04 2.615099505153386517e+00 5.593439336825274388e+00
2.944522453172712662e-01 1.739119418946272980e-04 2.232404702587313938e+00 4.945433854296878984e+00
2.950141883007416088e-01 1.624118165107617815e-04 2.514431437797412627e+00 5.618609403250734324e+00
2.955905652340606871e-01 1.717821106951185068e-04 2.368125701803160066e+00 5.336195774911233869e+00
2.961633149063257475e-01 1.617328145857255760e-04 2.353630718180289350e+00 4.773953012133229201e+00
2.967201236883396098e-01 1.657500716554454021e-04 2.201092062840864561e+00 5.558973374576157589e+00
2.972926824683752578e-01 1.770346469041320548e-04 2.102855927034834593e+00 4.320202100339250784e+00
2.978628734289739954e-01 1.546676947585020733e-04 2.004164119609159300e+00 4.222038054401038742e+00
2.984411564622051483e-01 1.693120661284690145e-04 2.531320871826165941e+00 5.549484069322526025e+00
2.990236839243402556e-01 1.556358015734911457e-04 2.289793145405671027e+00 5.933871763258863119e+00
2.995831421112853943e-01 1.699505279366061452e-04 2.673319320127333310e+00 5.298510915574591529e+00
3.001735271491141055e-01 1.606711462913408919e-04 2.769102918744150266e+00 8.085608987830267935e+00
3.007112350205187190e-01 1.538026732554107878e-04 2.364470749994460608e+00 6.251980295692601608e+00
3.012782225156688809e-01 1.776110651921589806e-04 2.049072532915953371e+00 3.942921215138576851e+00
3.018577215516018986e-01 1.573750441261513176e-04 2.274796655973144066e+00 5.896753374249104063e+00
3.024254442263033527e-01 1.653820146472681225e-04 2.533164790736151417e+00 6.646489030339056470e+00
3.030119262185098639e-01 1.627133616017798086e-04 1.580942227865254290e+00 3.068225864763137078e+00
3.035580776072647202e-01 1.609097277182712092e-04 2.307483765762603500e+00 5.188848556122475308e+00
3.041302900972581158e-01 1.663554480885761472e-04 1.985072512428606828e+00 4.782336985347241054e+00
3.046925620632213727e-01 1.516313856301324534e-04 1.920630773741057951e+00 4.061239009296206071e+00
3.052464196702712740e-01 1.716950555412905628e-04 2.323641587445285595e+00 4.202487852140756708e+00
3.058546733874214496e-01 1.592158928901576303e-04 1.969927639469742031e+00 3.580478735652529387e+00
3.064167451012846377e-01 1.753095299191942847e-04 2.232026664245635672e+00 5.415397548864247845e+00
3.069850740674401890e-01 1.643345897034362583e-04 1.652301481117627535e+00 2.826142044415092869e+00
3.075664196611079815e-01 1.677560179418004682e-04 1.497333977996918808e+00 3.235442026428997142e+00
3.081212553482378103e-01 1.666511961078408232e-04 2.218749707789526848e+00 3.148231783384573657e+00
3.086897493481422505e-01 1.551481869151109382e-04 2.139692934804537927e+00 3.583371824583376331e+00
3.092432530777360911e-01 1.729093578877431573e-04 1.397317642871062082e+00 3.232470289411721431e+00
3.098293931420527669e-01 1.574119322465262192e-04 1.955222779932125565e+00 3.349564130635476200e+00
3.103867126454552539e-01 1.701061901476799915e-04 1.681560894406668893e+00 3.506463088752876711e+00
3.109688386154643713e-01 1.592083543459498103e-04 2.112775491875625189e+00 3.427718832547818284e+00
3.115280533589828704e-01 1.613561382614977688e-04 2.197841453042302273e+00 3.085320010523008083e+00
3.121149136681150016e-01 1.756866371092228663e-04 2.041798103887197069e+00 2.999652964262421229e+00
3.126825283149942125e-01 1.524620120542611993e-04 1.748196663915400739e+00 3.384966549181782192e+00
3.132546991087920008e-01 1.804114015541086809e-04 2.036563582691139906e+00 3.090806758720624270e+00
3.137991740321544598e-01 1.521982491701141295e-04 1.876252045149234826e+00 2.714126981053262000e+00
3.143768175434993872e-01 1.569495264945456106e-04 1.807090653945023329e+00 3.211645476491244100e+00
3.149689712747115178e-01 1.690036387824371100e-04 1.795899921892782025e+00 3.808564091998430712e+00
3.155159771505618993e-01 1.587228509157282894e-04 1.942293305532059922e+00 3.181696063939022157e+00
3.160854976033021235e-01 1.690338458171228493e-04 1.993396924156123795e+00 3.279830381128093109e+00
3.166553566945815579e-01 1.621162452904086624e-04 2.034298509069476513e+00 3.063767369919528250e+00
3.172513945914700595e-01 1.780505738784379799e-04 2.071380898519567637e+00 3.466871788803271848e+00
3.178045170736084057e-01 1.640864056668173317e-04 1.779738626546990998e+00 2.694173971406267132e+00
3.183872525105708173e-01 1.641481511554026488e-04 1.844788048010138182e+00 2.931380746266984083e+00
3.189470437589013163e-01 1.793371220784678664e-04 1.731720024448907491e+00 2.943706239967088578e+00
3.195209929667378601e-01 1.618296988659568571e-04 2.164384996297870511e+00 3.870848882917049316e+00
3.200819303090142176e-01 1.595456886678907034e-04 1.911762254256083704e+00 2.956670111484903440e+00
3.206794207367014704e-01 1.455981886947884567e-04 1.612541838978988951e+00 2.718980901524897131e+00
3.212071834845148799e-01 1.689352699578014960e-04 1.856112759490008868e+00 3.269231038249003074e+00
3.217851870042477969e-01 1.539909147338886051e-04 1.590020060053666917e+00 2.702688799875263559e+00
3.223552434034481773e-01 1.545798866455026354e-04 1.698801674374440296e+00 3.340361736238398827e+00
3.229442672409472692e-01 1.657108304650782267e-04 1.809227317787556633e+00 3.927849284277592279e+00
3.235123360072372778e-01 1.737408301938447137e-04 1.933433034144177443e+00 3.018400868283219296e+00
3.240908860811737013e-01 1.521278955275187335e-04 2.137786723208630058e+00 3.380396919495302299e+00
3.246385815033993594e-01 1.664013396977125807e-04 1.734506495535518944e+00 2.950397231006930632e+00
3.252210198906437810e-01 1.552331079793029174e-04 1.847756055684456555e+00 3.812253005008517270e+00
3.257555847585968944e-01 1.610056952249505060e-04 1.857221648931425273e+00 3.456199140674622416e+00
3.263740951029631687e-01 1.736817048011647972e-04 2.410126040836174877e+00 4.024223555233867877e+00
3.269252357579150448e-01 1.588345111887234625e-04 2.027876218826090149e+00 2.389500103327399927e+00
3.275086652160782985e-01 1.703978224098621097e-04 2.042534791961110319e+00 2.828869031963127334e+00
3.280530312078900335e-01 1.614221318812385014e-04 2.346106418078680367e+00 3.747332384510346781e+00
3.286263202099332648e-01 1.650721835379324594e-04 1.555204320782136218e+00 3.865809750306667958e+00
3.291769182575158825e-01 1.602295598837774019e-04 2.272367652947219874e+00 2.587986556882521771e+00
3.297768996270045716e-01 1.777940627172863600e-04 1.848294626730965451e+00 2.711927517943979904e+00
3.303140286529831493e-01 1.560852673836702796e-04 2.577571206884874400e+00 4.052512448205081164e+00
3.309559641044754752e-01 1.516270413866155332e-04 1.606187095477976001e+00 2.831789388684919917e+00
3.314921706806582269e-01 1.562815162841239087e-04 1.327872471654765851e+00 2.674467755980201922e+00
3.320647536658100640e-01 1.623097083052165834e-04 2.162318225725984089e+00 2.850257346652888213e+00
3.326514734420426556e-01 1.652054051956022786e-04 2.147401327975056340e+00 3.713746677902757920e+00
3.331685869168525826e-01 1.531132616519413202e-04 1.888501003683795254e+00 3.062345373022688833e+00
3.337907951723121935e-01 1.586901768935513614e-04 1.576495922742698674e+00 2.899079840774041461e+00
3.343151038556548826e-01 1.711839265104479432e-04 1.930232336922507397e+00 3.863039855227606179e+00
3.348857446777423474e-01 1.562539533095826647e-04 1.267864713205409943e+00 2.935521069693979523e+00
3.354520322965565127e-01 1.769764810631069599e-04 1.290459496203492984e+00 3.103751008273869072e+00
3.360486438232719308e-01 1.563331833654887904e-04 1.820687414859001541e+00 3.354876821540944132e+00
3.365692589301945148e-01 1.629506819533432999e-04 2.877431669592098284e+00 3.382051390049871653e+00
3.371443416342604915e-01 1.670164692387776640e-04 2.158995016119924948e+00 2.909117213685787906e+00
3.377142084250261411e-01 1.573444400727123916e-04 2.191670097199155176e+00 3.344772040064913021e+00
3.383341136343665512e-01 1.500479834134554272e-04 4.766685126493388491e-01 2.754258067066337912e+00
3.389162304789265501e-01 1.500635112458016641e-04 9.390737961722221971e-01 2.329385219957957442e+00
3.394519289966860809e-01 1.625708582110996355e-04 1.840897066147356487e+00 3.477062754383917653e+00
3.400669386607564904e-01 1.347810372549669024e-04 7.636442798107547780e-01 2.538591035287969255e+00
3.406427310876611880e-01 1.586493352316507800e-04 2.928541394832929523e+00 3.791437722025774892e+00
3.411511941374861245e-01 1.596100578283245110e-04 7.642522464106465963e-01 1.858640754569170328e+00
3.416941364160855921e-01 1.460216182530661504e-04 1.682023512510588903e+00 2.297825058615210914e+00
3.423518107396631427e-01 1.397094958182393710e-04 9.561547135605158454e-01 2.778263846361608724e+00
3.429339176152368940e-01 2.070637044457153896e-04 6.377072642536820712e-01 3.126943839882286635e+00
3.435032190166030230e-01 1.132680224546661651e-04 3.062264460591600290e+00 3.359421718944241686e+00
3.440329896233562113e-01 2.079165128001036697e-04 3.637840318645487514e+00 4.138236339311712086e+00
3.445983789453342938e-01 1.860217206144599222e-04 3.677642798827655657e+00 6.141661013113634660e+00
3.451098727936127708e-01 1.483573873873584952e-04 0.000000000000000000e+00 1.527525231651946536e+00
3.457846182842472249e-01 2.168496645756634589e-04 4.217587555092992879e+00 3.535533905932737753e+00
