# angle I
-1.786700025631160713e+02 1.758750000000000000e+03
-1.786186176577920151e+02 2.697666666666666515e+03
-1.780282012517459975e+02 2.148428571428571558e+03
-1.774088839565275180e+02 2.174857142857142662e+03
-1.767901727828948424e+02 2.169285714285714221e+03
-1.761508644284740512e+02 1.986000000000000000e+03
-1.755551411854424373e+02 2.148857142857142662e+03
-1.750546670355014101e+02 1.595000000000000000e+03
-1.745687268512953381e+02 1.932285714285714221e+03
-1.740304247115008422e+02 2.149571428571428442e+03
-1.734905352293486942e+02 1.863571428571428669e+03
-1.729492481111349491e+02 1.774428571428571331e+03
-1.723727709679136808e+02 1.956375000000000000e+03
-1.718366286500252897e+02 2.495666666666666515e+03
-1.713483657614286244e+02 1.891142857142857110e+03
-1.708162895797918281e+02 1.709285714285714221e+03
-1.702325339691307420e+02 2.029444444444444343e+03
-1.696580146694894324e+02 1.992250000000000000e+03
-1.690858137180704546e+02 2.030111111111111086e+03
-1.685449987310238100e+02 2.293428571428571558e+03
-1.680489870325487800e+02 2.379375000000000000e+03
-1.674865528261985048e+02 2.174222222222222172e+03
-1.669437609676015768e+02 2.338250000000000000e+03
-1.664080935280857432e+02 2.346900000000000091e+03
-1.658135808144006376e+02 2.314000000000000000e+03
-1.652764196005773556e+02 2.005875000000000000e+03
-1.647546261385159596e+02 2.339900000000000091e+03
-1.642237660856301602e+02 2.067555555555555657e+03
-1.636912749988014468e+02 2.298090909090909008e+03
-1.631327787767368136e+02 1.902500000000000000e+03
-1.626073736355025687e+02 2.243300000000000182e+03
-1.620962076125660758e+02 2.143090909090909008e+03
-1.615410094044958385e+02 2.205583333333333485e+03
-1.609687267873856911e+02 2.199166666666666515e+03
-1.604003661833190506e+02 2.191500000000000000e+03
-1.598805290547036009e+02 2.185250000000000000e+03
-1.593378329923271224e+02 2.258615384615384755e+03
-1.587779087697596481e+02 2.259538461538461434e+03
-1.582318863982151242e+02 2.500076923076922867e+03
-1.577002421050191856e+02 2.328285714285714221e+03
-1.571701899759413834e+02 2.280384615384615245e+03
-1.566442668854508895e+02 2.227133333333333212e+03
-1.560803987728719733e+02 2.167312500000000000e+03
-1.555229202162555566e+02 2.198866666666666788e+03
-1.549701313765893929e+02 2.204000000000000000e+03
-1.544050578392037778e+02 2.196333333333333485e+03
-1.538424956145572366e+02 2.215562500000000000e+03
-1.533090948175209007e+02 2.255823529411764866e+03
-1.527866443408762791e+02 2.252294117647059011e+03
-1.522546066246411272e+02 2.323666666666666515e+03
-1.517031078071662762e+02 2.227000000000000000e+03
-1.511509480011433197e+02 2.157526315789473756e+03
-1.506311903042449103e+02 2.144199999999999818e+03
-1.500924941798272698e+02 2.208761904761904589e+03
-1.495495094279233399e+02 2.233142857142857338e+03
-1.490078265453738879e+02 2.226086956521739012e+03
-1.484466092393890904e+02 2.189913043478260988e+03
-1.478977782967690757e+02 2.335208333333333485e+03
-1.473610567398854414e+02 2.146565217391304486e+03
-1.468539249456601965e+02 2.322500000000000000e+03
-1.462854157505717865e+02 2.166275862068965580e+03
-1.457147741134145065e+02 2.226653846153846189e+03
-1.451835171860815024e+02 2.340851851851851734e+03
-1.446360606228501808e+02 2.015466666666666697e+03
-1.440993248087375491e+02 2.219185185185185219e+03
-1.435612315556887211e+02 2.478064516129032199e+03
-1.430168748137309365e+02 2.200870967741935601e+03
-1.424731163856145599e+02 2.245843750000000000e+03
-1.419355378428114136e+02 2.233121212121212011e+03
-1.413899820302687544e+02 2.220314285714285688e+03
-1.408446089518930364e+02 2.264878787878787989e+03
-1.402899514022864480e+02 2.257800000000000182e+03
-1.397543599180880278e+02 2.293903225806451701e+03
-1.392258072287883408e+02 2.110323529411764866e+03
-1.386687308719496912e+02 2.352735294117646845e+03
-1.381290157653473614e+02 2.209375000000000000e+03
-1.375871284103165237e+02 2.122205882352940989e+03
-1.370252147166110035e+02 2.220472222222222172e+03
-1.364824137348169018e+02 2.327156250000000000e+03
-1.359511887880040888e+02 2.241314285714285688e+03
-1.354784548716636152e+02 2.199625000000000000e+03
-1.348946678725345976e+02 2.210604166666666515e+03
-1.342881882100845132e+02 2.279000000000000000e+03
-1.337906267318331857e+02 2.309944444444444343e+03
-1.332273771684776875e+02 2.361823529411764866e+03
-1.326968617602743450e+02 2.415575757575757507e+03
-1.321380849193524227e+02 2.293657142857142844e+03
-1.315890512401293790e+02 2.431250000000000000e+03
-1.310580465342025605e+02 2.337363636363636488e+03
-1.305112526061914195e+02 2.219823529411764866e+03
-1.299582605420863217e+02 2.451176470588235134e+03
-1.294130587694855024e+02 2.507242424242424022e+03
-1.288796481148879423e+02 2.317484848484848499e+03
-1.283483047219429523e+02 2.530735294117646845e+03
-1.277921561381873659e+02 2.170176470588235134e+03
-1.272312408912911366e+02 2.546485714285714494e+03
-1.266913070566211985e+02 2.513093750000000000e+03
-1.261566157077895411e+02 2.445323529411764866e+03
-1.256096807233421799e+02 2.417272727272727479e+03
-1.250793755794025373e+02 2.424727272727272521e+03
-1.245380877844868905e+02 2.491764705882353155e+03
-1.240097240328345265e+02 2.740875000000000000e+03
-1.234575149910369589e+02 2.607527777777777828e+03
-1.228927126162966488e+02 2.741000000000000000e+03
-1.223539123576037895e+02 2.619484848484848499e+03
-1.218171363138259693e+02 2.503757575757575978e+03
-1.212569387727461816e+02 2.932472222222222172e+03
-1.207088743956765171e+02 2.840000000000000000e+03
-1.201812823299677859e+02 2.868303030303030482e+03
-1.196455009076234717e+02 2.853303030303030482e+03
-1.190988058402720924e+02 2.850393939393939490e+03
-1.185583000798837077e+02 3.055470588235294144e+03
-1.180093923959750697e+02 2.990382352941176578e+03
-1.174548853754379678e+02 2.853911764705882433e+03
-1.168966758190495767e+02 3.140388888888888687e+03
-1.163539336320972950e+02 3.065366666666666788e+03
-1.158253244252485672e+02 2.976057142857142935e+03
-1.152740076965642402e+02 3.023705882352940989e+03
-1.147255940756274839e+02 3.058454545454545496e+03
-1.141952400539379227e+02 2.791000000000000000e+03
-1.136610698089186684e+02 2.759545454545454504e+03
-1.131051545487219414e+02 2.895058823529411711e+03
-1.125636005077774939e+02 2.984121212121212011e+03
-1.120049481585831188e+02 2.832277777777777828e+03
-1.114630272213707514e+02 3.009483870967741950e+03
-1.109317037210041832e+02 2.960264705882353155e+03
-1.103879393399284510e+02 2.749303030303030482e+03
-1.098453913957701786e+02 2.893303030303030482e+03
-1.093002413957562169e+02 3.082823529411764866e+03
-1.087817231609593307e+02 3.009580645161290249e+03
-1.082419059784843256e+02 2.994000000000000000e+03
-1.076747818146480142e+02 3.180628571428571377e+03
-1.071242596712709343e+02 2.963696969696969518e+03
-1.065798349763988284e+02 2.607558823529411711e+03
-1.060414004194946216e+02 2.871117647058823422e+03
-1.055045437516887432e+02 2.845545454545454504e+03
-1.049631227311165986e+02 2.546060606060606005e+03
-1.044296284060296216e+02 2.352303030303030482e+03
-1.038752586310360755e+02 2.494111111111111313e+03
-1.033141583263652166e+02 2.712121212121212011e+03
-1.027778761683678539e+02 2.771000000000000000e+03
-1.022386860981902856e+02 3.400142857142857338e+03
-1.017085349195834283e+02 3.345774193548387302e+03
-1.011641028897885803e+02 2.870361111111111313e+03
-1.006040803641007244e+02 2.782363636363636488e+03
-1.000604895618319432e+02 2.774617647058823422e+03
-9.951938858916160768e+01 2.661757575757575978e+03
-9.897673934865376566e+01 3.291294117647059011e+03
-9.842465744666114347e+01 4.156823529411764866e+03
-9.787478299377421820e+01 3.036030303030303003e+03
-9.734122795418652174e+01 2.469625000000000000e+03
-9.679919185320773067e+01 2.420342857142857156e+03
-9.625093651804724004e+01 2.821000000000000000e+03
-9.571913418424213660e+01 3.661303030303030482e+03
-9.516384104261531718e+01 3.761914285714285597e+03
-9.460564208876712655e+01 2.981606060606060510e+03
-9.406113973935809724e+01 2.246060606060606005e+03
-9.352510238795687769e+01 4.266656250000000000e+03
-9.299902559421911974e+01 6.902125000000000000e+03
-9.246684382601684149e+01 1.762393939393939490e+03
-9.191306434654052282e+01 3.051742857142857247e+03
-9.134036476604667598e+01 6.563542857142857429e+03
-8.859265408628225202e+01 1.853967741935483900e+03
-8.809785239120883205e+01 1.969333333333333258e+03
-8.757543736384737088e+01 3.896529411764705856e+03
-8.701839794565819375e+01 2.689205882352940989e+03
-8.645902527271539384e+01 2.374500000000000000e+03
-8.590656406590944982e+01 4.239878787878787989e+03
-8.536199335933508792e+01 4.442151515151515014e+03
-8.483684610053943231e+01 1.192935483870967801e+03
-8.430220681100951197e+01 3.436138888888888687e+03
-8.374714569690247856e+01 3.489382352941176578e+03
-8.320713392642340978e+01 2.475411764705882433e+03
-8.265051205758149422e+01 2.682742857142857247e+03
-8.209289722399658729e+01 2.312000000000000000e+03
-8.156110534546135682e+01 1.994812500000000000e+03
-8.103248854678116686e+01 2.387030303030303003e+03
-8.048958835846710258e+01 3.620411764705882433e+03
-7.994037683696595309e+01 3.895352941176470722e+03
-7.938790484376876577e+01 3.502058823529411711e+03
-7.882846970990917157e+01 3.256342857142857156e+03
-7.828540796420477932e+01 3.173031250000000000e+03
-7.777166297474020951e+01 2.793875000000000000e+03
-7.723278063713513575e+01 2.408257142857142753e+03
-7.667697816069787109e+01 2.512545454545454504e+03
-7.614073353351164997e+01 2.374558823529411711e+03
-7.558750414108561699e+01 2.824971428571428532e+03
-7.504125501761889439e+01 2.990303030303030482e+03
-7.449987811865821641e+01 3.053242424242424022e+03
-7.396046052041732821e+01 2.794941176470588289e+03
-7.340933910862496248e+01 3.157352941176470722e+03
-7.286259178935802083e+01 3.230454545454545496e+03
-7.232892630935846512e+01 2.719575757575757507e+03
-7.181480555173510538e+01 2.897774193548387302e+03
-7.125461151108432034e+01 2.811648648648648759e+03
-7.068684113995914231e+01 2.730441176470588289e+03
-7.014452173846355265e+01 2.686606060606060510e+03
-6.960865020510675549e+01 2.836294117647059011e+03
-6.905828155729079754e+01 2.766382352941176578e+03
-6.852644067015832263e+01 2.738967741935483900e+03
-6.798423797974321303e+01 3.216666666666666515e+03
-6.742823623087345197e+01 2.950151515151515014e+03
-6.688643194984385332e+01 2.946911764705882433e+03
-6.634978163324005607e+01 3.160093750000000000e+03
-6.580993667381197554e+01 2.972171428571428351e+03
-6.525055043555400403e+01 3.068454545454545496e+03
-6.470270083562321872e+01 3.044470588235294144e+03
-6.415502017045176331e+01 3.040911764705882433e+03
-6.360289639433297282e+01 3.063142857142857338e+03
-6.306548082160837509e+01 2.953400000000000091e+03
-6.253677389237563489e+01 3.288444444444444343e+03
-6.197719753573601054e+01 3.113909090909090992e+03
-6.144785262826910355e+01 3.159187500000000000e+03
-6.090473802273093895e+01 2.516500000000000000e+03
-6.036758815402590983e+01 2.401696969696969518e+03
-5.982291504010929373e+01 2.296882352941176578e+03
-5.928616963488754976e+01 2.280625000000000000e+03
-5.874079944482340920e+01 1.960027777777777828e+03
-5.818204982591414876e+01 1.827636363636363740e+03
-5.764517253229828952e+01 1.685060606060606005e+03
-5.709783244143017100e+01 1.546882352941176578e+03
-5.658200440619927463e+01 1.490645161290322676e+03
-5.604259258781220154e+01 1.198914285714285825e+03
-5.546851179976668789e+01 9.153142857142856883e+02
-5.492315717032514044e+01 9.210000000000000000e+02
-5.438337886193963300e+01 9.103235294117647527e+02
-5.383751855317147772e+01 1.215545454545454504e+03
-5.327916687342930402e+01 1.211805555555555657e+03
-5.273942311682856854e+01 8.822903225806451246e+02
-5.220997914894126524e+01 1.021705882352941217e+03
-5.165056372363400072e+01 1.162628571428571377e+03
-5.110406012079675264e+01 1.321750000000000000e+03
-5.057735868851266048e+01 1.341272727272727252e+03
-5.003838856041011240e+01 1.009342857142857156e+03
-4.948702022160840386e+01 1.278727272727272748e+03
-4.894247919783141043e+01 1.080705882352941217e+03
-4.839584935184948478e+01 1.319424242424242493e+03
-4.785443783999938461e+01 1.364090909090909008e+03
-4.731277366646625637e+01 1.536969696969696997e+03
-4.676048362197581554e+01 1.413314285714285688e+03
-4.620054758532845085e+01 1.558030303030303003e+03
-4.569055655945299321e+01 1.641161290322580726e+03
-4.522922435526455587e+01 1.570500000000000000e+03
-4.464238079600759335e+01 1.705319148936170222e+03
-4.400760177106303672e+01 1.951099999999999909e+03
-4.351577512645597778e+01 1.935451612903225850e+03
-4.298044909431041560e+01 1.965382352941176578e+03
-4.241846390492843000e+01 1.824114285714285643e+03
-4.186400661888183805e+01 1.872878787878787989e+03
-4.132407376370392171e+01 2.043909090909090992e+03
-4.077559553579651919e+01 2.148147058823529278e+03
-4.023995163868140423e+01 2.006781250000000000e+03
-3.970338010747937574e+01 2.151294117647059011e+03
-3.915564652087752506e+01 2.165771428571428714e+03
-3.860607726443897292e+01 2.253575757575757507e+03
-3.806206197887185994e+01 2.095058823529411711e+03
-3.751676882524034085e+01 2.375030303030303003e+03
-3.697382123297541057e+01 2.141029411764705856e+03
-3.643144506381337067e+01 2.224545454545454504e+03
-3.588419168620206534e+01 2.421515151515151501e+03
-3.534586360868035371e+01 2.184212121212121019e+03
-3.480782757726711907e+01 2.135441176470588289e+03
-3.425435621748933102e+01 2.164199999999999818e+03
-3.370099554578889212e+01 2.217656250000000000e+03
-3.317668980829620295e+01 2.316090909090909008e+03
-3.263456058975624074e+01 1.999828571428571422e+03
-3.207927709960420515e+01 2.260787878787878981e+03
-3.154514759998535922e+01 2.186696969696969518e+03
-3.099814767733019494e+01 2.194878787878787989e+03
-3.045525359158737899e+01 2.223558823529411711e+03
-2.990609708678459100e+01 2.122058823529411711e+03
-2.936789235731668413e+01 2.251187500000000000e+03
-2.884201961355767097e+01 2.244147058823529278e+03
-2.827437804470975280e+01 2.171771428571428714e+03
-2.772769150532655758e+01 2.217303030303030482e+03
-2.716877873354407669e+01 2.179472222222222172e+03
-2.663187338678143590e+01 2.232666666666666515e+03
-2.609902052911640524e+01 2.219114285714285870e+03
-2.555387463999028341e+01 2.116666666666666515e+03
-2.500417264140019924e+01 2.113647058823529278e+03
-2.446993933100076291e+01 2.085666666666666515e+03
-2.391910275233294669e+01 2.113941176470588289e+03
-2.338939512307219815e+01 2.077875000000000000e+03
-2.284659898893495722e+01 2.028914285714285825e+03
-2.229714348907704746e+01 2.136303030303030482e+03
-2.175965687857035746e+01 2.139545454545454504e+03
-2.121178926218231453e+01 2.051828571428571649e+03
-2.066125120356011280e+01 1.958636363636363740e+03
-2.012148400873378051e+01 2.008352941176470495e+03
-1.957893966994131674e+01 1.969823529411764639e+03
-1.902435754918885635e+01 2.035878787878787989e+03
-1.846417902006172795e+01 1.947405405405405418e+03
-1.792601185255950114e+01 2.040379310344827672e+03
-1.740979175510102550e+01 1.981885714285714357e+03
-1.685028231836785650e+01 2.011705882352941217e+03
-1.632111134097148764e+01 2.013387096774193651e+03
-1.578084108320469703e+01 2.125914285714285597e+03
-1.522410798507533691e+01 1.994147058823529505e+03
-1.468718105718266287e+01 2.006696969696969745e+03
-1.413807534775683727e+01 1.965470588235294144e+03
-1.358988758125559393e+01 1.915558823529411711e+03
-1.304629308343732497e+01 1.876705882352941217e+03
-1.250566532930695729e+01 2.052090909090909008e+03
-1.196706049876743805e+01 1.916000000000000000e+03
-1.143524026340577393e+01 1.984500000000000000e+03
-1.089420695679288542e+01 2.002828571428571422e+03
-1.033567729047707040e+01 1.961294117647058783e+03
-9.799688680559240694e+00 1.958781250000000000e+03
-9.247178806846143573e+00 1.974277777777777828e+03
-8.696789184041250564e+00 1.989333333333333258e+03
-8.161210205884625424e+00 2.076030303030303003e+03
-7.623384180208735650e+00 1.903484848484848499e+03
-7.075214961279154835e+00 1.891882352941176578e+03
-6.519259049541179074e+00 1.891500000000000000e+03
-5.962370647023417014e+00 2.022705882352941217e+03
-5.420955199877650621e+00 1.852718750000000000e+03
-4.906093081166353898e+00 1.907030303030303003e+03
-4.364320979246230969e+00 1.922200000000000045e+03
-3.812260912815442992e+00 1.901529411764705856e+03
-3.259635131533121566e+00 1.934685714285714312e+03
-2.693964746452112369e+00 1.870027777777777828e+03
-2.141340999214094154e+00 1.828757575757575751e+03
-1.638824926030580498e+00 1.889566666666666606e+03
-1.173895907912080094e+00 1.886400000000000091e+03
1.028421719781078991e+00 1.889324324324324380e+03
1.621669235641959306e+00 1.854447368421052715e+03
2.204382158755942456e+00 1.890257142857142753e+03
2.745871636537721816e+00 1.852454545454545496e+03
3.271417124817111777e+00 1.892393939393939490e+03
3.790545477896863691e+00 1.869718750000000000e+03
4.328582737746809350e+00 1.937685714285714312e+03
4.886179063243054621e+00 1.925914285714285825e+03
5.446807674804088784e+00 1.880771428571428487e+03
5.989616962734966243e+00 1.942290322580645125e+03
6.520377147997778344e+00 1.878117647058823422e+03
7.068550621384266819e+00 1.952363636363636260e+03
7.608305166082725890e+00 1.944848484848484759e+03
8.154905745624915880e+00 2.010764705882352928e+03
8.714211616312960373e+00 1.954428571428571331e+03
9.263032070373403926e+00 1.933617647058823422e+03
9.801047830014915974e+00 1.943812500000000000e+03
1.033648832749978652e+01 1.975294117647058783e+03
1.088009685822358819e+01 1.983212121212121247e+03
1.141207212804947346e+01 1.969272727272727252e+03
1.195305969360422971e+01 1.953352941176470495e+03
1.250060711950113479e+01 1.986264705882352928e+03
1.305470457102790327e+01 1.981685714285714312e+03
1.360094475440375028e+01 2.040060606060606005e+03
1.413373476386368743e+01 2.283151515151515014e+03
1.467761767750302937e+01 2.065181818181818016e+03
1.522734952631953576e+01 2.030500000000000000e+03
1.575890202333299683e+01 1.992545454545454504e+03
1.630544815339339237e+01 1.957794117647058783e+03
1.685724420112817512e+01 2.040352941176470495e+03
1.741736807611572502e+01 2.023571428571428669e+03
1.794584506367683474e+01 1.927799999999999955e+03
1.847688917378045304e+01 1.925805555555555657e+03
1.902883689893567265e+01 1.955093750000000000e+03
1.957758270316379168e+01 1.991857142857142890e+03
2.012258195481897971e+01 2.143151515151515014e+03
2.065916578482554655e+01 2.148151515151515014e+03
2.120849033538414119e+01 2.047647058823529505e+03
2.175068364510407193e+01 2.093117647058823422e+03
2.228611495631922068e+01 2.170781250000000000e+03
2.282148735352692270e+01 1.985735294117647072e+03
2.337010012270421910e+01 2.040441176470588289e+03
2.391146231962124702e+01 2.108939393939393995e+03
2.446715529469205208e+01 2.053028571428571468e+03
2.502577751019617125e+01 2.099971428571428532e+03
2.557234987333704623e+01 2.173151515151515014e+03
2.614517445646423610e+01 2.113342105263157919e+03
2.669921610846693127e+01 2.157233333333333121e+03
2.721002370780709256e+01 2.101151515151515014e+03
2.774568336479853770e+01 2.187666666666666515e+03
2.828363113602471657e+01 2.208424242424242493e+03
2.882757659774321368e+01 2.157764705882353155e+03
2.936925413495999138e+01 2.181181818181818016e+03
2.991489341414674641e+01 2.151705882352940989e+03
3.045523793140227653e+01 2.158060606060606005e+03
3.099594773367232392e+01 2.108294117647059011e+03
3.154184249294003450e+01 2.213363636363636488e+03
3.208565052015018182e+01 2.353088235294117567e+03
3.263566063204275025e+01 2.049470588235294144e+03
3.318204517800036513e+01 2.294411764705882433e+03
3.370513062884688082e+01 2.093900000000000091e+03
3.424451413082888962e+01 2.173611111111111313e+03
3.480943194451873524e+01 2.160352941176470722e+03
3.534790484289619883e+01 2.427424242424242493e+03
3.589614404934585679e+01 2.468941176470588289e+03
3.643805199044447107e+01 2.127848484848484986e+03
3.697131961695204438e+01 2.276333333333333485e+03
3.751459460297198234e+01 2.207205882352940989e+03
3.806625590850978114e+01 2.057484848484848499e+03
3.860931254035769911e+01 2.293764705882353155e+03
3.916121171419423774e+01 2.146970588235294144e+03
3.970694193771946345e+01 2.006484848484848499e+03
4.024668347299495963e+01 2.128454545454545496e+03
4.078478897205020104e+01 1.867060606060606005e+03
4.132353926110801012e+01 1.882575757575757507e+03
4.187584404994500886e+01 1.793400000000000091e+03
4.242121406668921679e+01 1.866484848484848499e+03
4.294827888917989611e+01 1.807030303030303003e+03
4.349444471745253793e+01 1.743771428571428487e+03
4.405394870234309224e+01 1.430911764705882433e+03
4.459031073855738470e+01 1.798027777777777828e+03
4.508957967593918426e+01 1.427250000000000000e+03
4.563542973004789616e+01 1.590046511627906966e+03
4.623998000271974007e+01 1.402941176470588289e+03
4.676933452414458969e+01 1.535343750000000000e+03
4.730885458500067386e+01 1.257085714285714175e+03
4.786213927373787413e+01 1.259823529411764639e+03
4.839481212474417759e+01 1.109969696969696997e+03
4.894246647877888989e+01 1.067676470588235361e+03
4.949161727846596648e+01 8.190909090909091219e+02
5.002774932525154838e+01 9.654545454545454959e+02
5.057509842913610498e+01 9.985000000000000000e+02
5.112733934498811550e+01 7.856764705882352473e+02
5.166953632276147346e+01 7.865151515151515014e+02
5.220271028569910499e+01 8.343235294117647527e+02
5.274191343370564766e+01 8.937812500000000000e+02
5.328415719909889958e+01 7.126000000000000227e+02
5.383544851518187357e+01 6.440000000000000000e+02
5.437495115453418038e+01 4.467647058823529278e+02
5.492461118985455926e+01 5.856363636363636260e+02
5.546161590900636895e+01 8.667941176470587834e+02
5.597659769984375799e+01 9.712666666666666515e+02
5.652627385785160641e+01 1.189054054054053950e+03
5.710470519630157327e+01 1.104764705882352928e+03
5.765629025594386547e+01 1.294885714285714357e+03
5.820269428145331148e+01 1.686531250000000000e+03
5.874289968767105563e+01 1.752657142857142844e+03
5.928861256382764111e+01 2.110343750000000000e+03
5.982069092753341977e+01 2.139117647058823422e+03
6.036121235342783820e+01 2.172303030303030482e+03
6.090767323727737903e+01 2.679911764705882433e+03
6.145315819347887043e+01 2.882441176470588289e+03
6.200332887217412292e+01 3.272787878787878981e+03
6.253499573451564686e+01 3.089939393939393995e+03
6.309955902086930024e+01 3.086805555555555657e+03
6.365627655256918160e+01 3.123323529411764866e+03
6.419640098043058174e+01 2.945161290322580498e+03
6.471527335401864889e+01 3.245470588235294144e+03
6.525812868828256796e+01 2.953437500000000000e+03
6.578547752000226012e+01 2.945794117647059011e+03
6.634347036989171897e+01 2.552558823529411711e+03
6.689070284366444241e+01 2.961735294117646845e+03
6.743137019811030086e+01 2.815515151515151501e+03
6.795716840828715988e+01 2.631375000000000000e+03
6.850473572133095956e+01 2.968628571428571377e+03
6.906189037431909128e+01 3.139500000000000000e+03
6.959990117694709966e+01 3.221545454545454504e+03
7.015006224092151399e+01 2.885028571428571468e+03
7.069432411154845397e+01 2.909575757575757507e+03
7.122468714804675471e+01 2.914312500000000000e+03
7.177174747358472473e+01 3.031599999999999909e+03
7.232623705108673562e+01 3.060205882352940989e+03
7.287630820163907686e+01 2.833588235294117567e+03
7.341310026930528920e+01 2.509382352941176578e+03
7.395684280849103232e+01 2.730303030303030482e+03
7.449697716082428656e+01 2.770727272727272521e+03
7.504653517367997040e+01 2.598142857142857338e+03
7.557038341492344102e+01 2.559064516129032199e+03
7.611601797115585555e+01 2.849942857142857065e+03
7.667656385977717548e+01 3.162333333333333485e+03
7.722239688470756391e+01 3.248657142857142844e+03
7.777033649056966169e+01 3.364575757575757507e+03
7.830556526035459797e+01 2.836727272727272521e+03
7.884593312080116334e+01 2.511000000000000000e+03
7.939584778203575866e+01 2.835742857142857247e+03
7.994633855754163676e+01 2.873454545454545496e+03
8.048978222604523580e+01 3.137617647058823422e+03
8.103531260040544737e+01 4.589666666666666970e+03
8.155376009590847275e+01 5.225290322580644897e+03
8.208534238867135002e+01 3.068444444444444343e+03
8.264629327818182958e+01 2.594151515151515014e+03
8.319375618881005607e+01 2.797411764705882433e+03
8.374863664009761521e+01 3.150264705882353155e+03
8.429578212873795451e+01 4.045787878787878981e+03
8.482795785328499960e+01 3.568906250000000000e+03
8.536265027739511879e+01 2.188000000000000000e+03
8.591836030743230879e+01 2.453171428571428351e+03
8.647025606863735447e+01 6.253264705882353155e+03
8.701331127089649442e+01 2.141882352941176578e+03
8.756163550170178667e+01 1.835342857142857156e+03
8.809886486274605488e+01 2.891757575757575978e+03
8.860120328322621219e+01 6.618451612903225396e+03
9.133837554139712722e+01 5.801111111111110858e+02
9.190876790330084134e+01 4.504777777777777374e+03
9.245324487335342667e+01 4.164000000000000000e+03
9.298485492454607027e+01 2.467441176470588289e+03
9.352752634318252944e+01 2.188176470588235134e+03
9.407139105547808811e+01 3.649352941176470722e+03
9.461284492656152167e+01 7.052718750000000000e+03
9.515796102800703693e+01 8.394088235294117112e+03
9.570563176070641020e+01 4.019060606060606005e+03
9.625210869092225607e+01 3.059676470588235134e+03
9.679075465212605422e+01 2.364968750000000000e+03
9.732192205671839247e+01 2.289848484848484986e+03
9.788116075589834963e+01 2.320944444444444343e+03
9.843797032412460624e+01 2.111441176470588289e+03
9.897516316729048924e+01 2.682625000000000000e+03
9.951064876608347731e+01 3.168411764705882433e+03
1.000541877338466890e+02 3.019484848484848499e+03
1.005969442039005628e+02 2.966117647058823422e+03
1.011287357008102106e+02 3.347687500000000000e+03
1.016826875455323460e+02 3.187914285714285597e+03
1.022313500376360196e+02 2.639303030303030482e+03
1.027700893870352985e+02 2.526352941176470722e+03
1.033187568363594835e+02 2.232911764705882433e+03
1.038562654558022444e+02 2.514774193548387302e+03
1.044036774535721435e+02 3.001833333333333485e+03
1.049636905798076185e+02 2.788588235294117567e+03
1.055069938723007823e+02 2.840151515151515014e+03
1.060395568393076502e+02 2.831500000000000000e+03
1.065767667465907493e+02 3.262970588235294144e+03
1.071263279347570432e+02 3.007676470588235134e+03
1.076779662774154787e+02 2.712676470588235134e+03
1.081830986675927591e+02 3.043000000000000000e+03
1.087235980966408846e+02 3.032378378378378329e+03
1.093014038376571619e+02 2.835176470588235134e+03
1.098457413807890930e+02 2.719235294117646845e+03
1.103907458637096539e+02 2.730969696969696997e+03
1.109312418205945505e+02 2.676696969696969518e+03
1.114940714703530062e+02 2.718555555555555657e+03
1.120422676048500676e+02 3.238354838709677551e+03
1.125585082013231641e+02 3.018393939393939490e+03
1.131004473562803270e+02 3.086470588235294144e+03
1.136310998200929703e+02 3.278968750000000000e+03
1.141961528455364032e+02 2.959891891891892101e+03
1.147511566245637056e+02 3.079593750000000000e+03
1.152924719028649889e+02 2.957970588235294144e+03
1.158492166557808929e+02 3.027235294117646845e+03
1.163964753138483132e+02 3.015685714285714312e+03
1.169306695829905607e+02 3.030833333333333485e+03
1.174666486460728265e+02 3.034833333333333485e+03
1.180118967412458915e+02 2.667903225806451701e+03
1.185471627590007984e+02 2.999542857142856974e+03
1.191049238558123449e+02 2.707235294117646845e+03
1.196435278838247172e+02 2.808625000000000000e+03
1.201749451487811484e+02 2.892529411764705856e+03
1.207078628875463835e+02 2.825718750000000000e+03
1.212620689258145745e+02 2.596333333333333485e+03
1.218297497807640610e+02 2.654470588235294144e+03
1.223720277475966327e+02 2.617906250000000000e+03
1.229021884235678499e+02 2.641303030303030482e+03
1.234359494971040760e+02 2.621787878787878981e+03
1.239740616461171498e+02 2.536411764705882433e+03
1.245169778395088969e+02 2.542848484848484986e+03
1.250685746985297584e+02 2.411235294117646845e+03
1.256266411325916152e+02 2.536764705882353155e+03
1.261665631328614552e+02 2.597787878787878981e+03
1.266849530230017393e+02 2.422838709677419502e+03
1.272297919560920150e+02 2.493027777777777828e+03
1.277891336864962426e+02 2.310705882352940989e+03
1.283326675784032318e+02 2.892454545454545496e+03
1.288785519843108034e+02 2.431147058823529278e+03
1.294224236866042190e+02 2.444969696969696997e+03
1.299631723184354541e+02 2.366030303030303003e+03
1.305002100339527260e+02 2.406424242424242493e+03
1.310520989860733891e+02 2.421400000000000091e+03
1.316038376337791362e+02 2.266676470588235134e+03
1.321381798021139957e+02 2.346303030303030482e+03
1.326678613481703906e+02 2.389121212121212011e+03
1.332248678153888477e+02 2.318750000000000000e+03
1.337721701214464645e+02 2.220437500000000000e+03
1.343327865957769234e+02 2.266605263157894569e+03
1.348413218367396382e+02 2.300869565217391482e+03
1.353915838177796900e+02 2.340883720930232357e+03
1.359762392892299090e+02 2.170599999999999909e+03
1.364890245372668858e+02 2.163515151515151501e+03
1.370431516571728991e+02 2.184794117647059011e+03
1.375694919697617422e+02 2.190031250000000000e+03
1.381058661073868450e+02 2.293114285714285870e+03
1.386714692861943945e+02 2.224722222222222172e+03
1.392161859072535037e+02 2.098281250000000000e+03
1.397482285862160154e+02 2.224323529411764866e+03
1.402961939716432482e+02 2.337454545454545496e+03
1.408414776339428442e+02 2.097117647058823422e+03
1.413930247716801887e+02 2.142264705882353155e+03
1.419397738048277802e+02 2.196212121212121019e+03
1.424804954329704572e+02 2.183625000000000000e+03
1.430138160383720276e+02 2.212000000000000000e+03
1.435643243667625484e+02 1.935225806451612925e+03
1.441105209627882289e+02 2.059517241379310235e+03
1.446474834297260657e+02 2.431928571428571558e+03
1.451901020510564990e+02 2.184888888888888687e+03
1.457189970555136540e+02 2.095923076923077133e+03
1.462854950761565647e+02 2.333482758620689765e+03
1.468524584276363782e+02 2.181583333333333485e+03
1.473849538435274837e+02 2.335791666666666515e+03
1.479205073590826771e+02 2.159391304347826008e+03
1.484407340377906905e+02 2.187863636363636488e+03
1.490002337841328597e+02 2.075083333333333485e+03
1.495522894833262910e+02 2.141599999999999909e+03
1.500860479687289342e+02 2.166142857142857338e+03
1.506275812147819124e+02 2.235050000000000182e+03
1.511673688754005980e+02 2.100789473684210407e+03
1.517161892145230127e+02 2.204400000000000091e+03
1.522450389914063464e+02 2.123352941176470722e+03
1.527422296080461592e+02 2.233437500000000000e+03
1.532717870446467145e+02 2.135333333333333485e+03
1.538521621720870485e+02 2.034052631578947285e+03
1.544230533952573126e+02 2.026875000000000000e+03
1.549571264240387052e+02 2.010187500000000000e+03
1.555025124872884419e+02 2.125066666666666606e+03
1.560607719273914711e+02 2.017000000000000000e+03
1.566054118144106155e+02 2.136714285714285779e+03
1.571515758800663605e+02 2.147357142857142662e+03
1.577192187560968364e+02 2.247266666666666879e+03
1.582775074753505180e+02 2.090076923076922867e+03
1.587843437220745102e+02 2.133750000000000000e+03
1.593225124497947718e+02 2.092307692307692378e+03
1.598638393212351332e+02 2.007833333333333258e+03
1.604154895428917484e+02 1.988416666666666742e+03
1.609839559255728147e+02 1.989916666666666742e+03
1.615563423545071942e+02 1.985333333333333258e+03
1.620872474253036444e+02 2.103699999999999818e+03
1.626065558906696253e+02 1.955299999999999955e+03
1.631343738312854725e+02 1.953700000000000045e+03
1.636632960107544079e+02 1.971200000000000045e+03
1.642219105175337290e+02 2.110272727272727479e+03
1.647555514220191242e+02 2.011333333333333258e+03
1.653172724763711017e+02 2.063099999999999909e+03
1.658839690604116868e+02 2.195555555555555657e+03
1.664127763140263596e+02 2.349666666666666515e+03
1.669548148589898062e+02 2.177222222222222172e+03
1.674645687538378525e+02 2.124250000000000000e+03
1.680306720749243254e+02 2.058333333333333485e+03
1.686051059199897395e+02 1.862375000000000000e+03
1.691370441932392623e+02 2.249125000000000000e+03
1.696783229130825248e+02 1.996625000000000000e+03
1.701820621558004518e+02 2.136428571428571558e+03
1.706876496655354742e+02 1.999125000000000000e+03
1.712549751102621087e+02 1.849142857142857110e+03
1.718314358365800558e+02 1.985875000000000000e+03
1.724053273338504368e+02 2.096571428571428442e+03
1.729426699751740557e+02 2.062285714285714221e+03
1.734785991907998834e+02 1.758000000000000000e+03
1.739645959416932328e+02 2.120833333333333485e+03
1.745151263898054026e+02 1.986625000000000000e+03
1.751338128728540369e+02 1.971125000000000000e+03
1.757536410278354424e+02 1.992750000000000000e+03
1.763356749997685995e+02 2.077000000000000000e+03
1.767651689119512639e+02 2.182400000000000091e+03
1.770614153698148812e+02 1.839750000000000000e+03
1.776317758725245710e+02 2.183428571428571558e+03
1.782512761076873460e+02 2.170000000000000000e+03
1.788711861724719085e+02 2.155857142857142662e+03
