# q qerr q^{ 0.25 }*I(q) q^{ 0.25 }*I(q)err
5.674929039305736831e-04 2.844972107948976880e-04 2.386117119928687202e+02 1.396061529089214218e+03
1.148899370130779425e-03 1.593506736090453848e-04 3.800335239646540231e+02 9.240895519374732885e+02
1.690528571858088179e-03 1.607778195237353277e-04 5.905935532804369359e+02 1.381926272354000275e+03
2.241866674943214510e-03 1.624380793292098057e-04 4.493804751721576736e+02 1.254804365838666399e+03
2.823089956553034678e-03 1.787958159578247833e-04 6.121721082481190024e+02 1.318583583496573965e+03
3.397691792008107527e-03 1.654200107260591994e-04 4.396113483596639071e+02 1.815540624025586339e+03
3.955905906185787878e-03 1.581242633162599563e-04 7.800357820690055632e+02 2.273049104211946542e+03
4.519315497203105388e-03 1.683468328344326747e-04 8.027845255007571268e+02 3.866555465628450293e+03
5.094624480167554877e-03 1.662435421534576264e-04 8.336827811588738086e+02 2.886645558491229622e+03
5.671667658710049208e-03 1.752760759842015225e-04 7.203823980727327125e+02 2.309258534043076907e+03
6.229435306002196852e-03 1.566941657328803285e-04 7.911300107053396005e+02 2.206639894576961524e+03
6.818425326918784932e-03 1.698659042947616045e-04 8.466643994710266270e+02 2.788991166222618631e+03
7.392546870843330446e-03 1.666475300425771769e-04 9.951359451316047853e+02 3.135477320757640427e+03
7.958735922135976720e-03 1.616219573196543788e-04 1.177245001949101606e+03 2.915588443193838884e+03
8.523351536763364850e-03 1.651414567132583546e-04 9.639256132086046591e+02 2.635839429908101465e+03
9.082177839432660840e-03 1.612368320144011544e-04 9.955306605006959444e+02 2.350325972696140070e+03
9.653289543242585258e-03 1.734477465576669993e-04 1.102002267187767757e+03 2.285656916720525260e+03
1.022632910579091697e-02 1.656498643276444491e-04 1.101575096753063235e+03 2.127401495916680688e+03
1.079378886745451134e-02 1.666241285096857038e-04 1.065739496531541818e+03 2.325441314700361090e+03
1.136322232886073993e-02 1.657395509400995924e-04 1.102044735468585714e+03 2.190610544131794086e+03
1.192487803400927096e-02 1.598068237739880368e-04 1.081387444009801811e+03 2.419658913721518275e+03
1.250107846052310803e-02 1.758130933935119508e-04 1.047802939191348059e+03 2.138460613282411941e+03
1.308013446480046395e-02 1.632003798560462853e-04 1.031550788715280532e+03 2.417401439858214871e+03
1.364529727767590378e-02 1.636500483111470142e-04 1.371234409543057609e+03 2.855118002799193164e+03
1.420711257824900688e-02 1.632274629034310010e-04 1.445643667425013746e+03 2.718012299167769015e+03
1.477622771744476447e-02 1.660652488222497678e-04 1.163723031449091877e+03 2.543859316927462714e+03
1.535205590902211266e-02 1.691173193363761497e-04 1.140815606482910425e+03 2.214031993384178350e+03
1.592141408496132449e-02 1.606268769112478021e-04 1.121835311738279870e+03 2.127953932446328054e+03
1.648727759634203288e-02 1.683231996598719767e-04 1.170805351682167839e+03 2.164233614575217416e+03
1.705712208282728418e-02 1.663414770258688099e-04 1.042045529554298582e+03 2.279189599495091898e+03
1.763195912570766563e-02 1.635018512689289153e-04 1.110962398045306372e+03 1.919090476799439784e+03
1.819607168035014197e-02 1.684424408021118911e-04 1.068760652808392251e+03 1.935279031928887889e+03
1.875870703073690554e-02 1.582377186662897641e-04 1.064873131547590674e+03 2.023190388817204621e+03
1.932677667244641836e-02 1.651583032282129043e-04 1.043512998626500121e+03 2.324587413486096011e+03
1.990329311346715827e-02 1.671760846201205894e-04 1.152062900013496346e+03 2.094823987079130802e+03
2.048092620250665727e-02 1.603971381583346560e-04 1.292187225767033624e+03 2.434978310092490119e+03
2.104464476282554355e-02 1.602337383903214025e-04 1.177006259752843334e+03 2.117171351818969470e+03
2.161114527896519297e-02 1.607033082626155708e-04 1.128930646682405040e+03 2.077740659010803938e+03
2.218133410754839774e-02 1.655552938162110899e-04 1.217588927193185782e+03 2.183782283116909639e+03
2.275185259835647150e-02 1.618820481130585603e-04 1.208491602456300143e+03 2.161912613625520862e+03
2.332495775814624403e-02 1.642487956110087733e-04 1.153119661737749766e+03 2.188528006606267354e+03
2.389088285140539628e-02 1.577065762391947857e-04 1.212245737888394160e+03 2.133423087720903823e+03
2.445923729321806961e-02 1.652478754713913303e-04 1.221708698652936846e+03 2.176354313689682840e+03
2.503496178947177062e-02 1.651494830160459568e-04 1.251126995360792080e+03 2.235948083358106487e+03
2.559778794607868793e-02 1.552884428917792757e-04 1.226579874932329631e+03 2.596250148057973547e+03
2.616085406419820653e-02 1.634993579041898472e-04 1.229348333997893633e+03 2.246149041297548592e+03
2.673466598694612326e-02 1.659473723571959416e-04 1.439328612306854893e+03 2.544352074911073032e+03
2.731115693516828272e-02 1.632758392516604881e-04 1.321193483006177985e+03 2.328354836893403899e+03
2.788118685142516526e-02 1.621574962242474424e-04 1.251210659193475067e+03 2.293538390493155021e+03
2.844334218658856744e-02 1.575568508801520565e-04 1.463762649198506324e+03 2.552552583783533009e+03
2.901128934261586884e-02 1.666863616080674739e-04 1.391396025877950933e+03 2.312062107194576583e+03
2.958334755515614270e-02 1.636364590833695352e-04 1.301035692140158062e+03 2.305814860569680150e+03
3.016005481025983703e-02 1.663033300384563862e-04 1.347921107247144846e+03 2.285187293658725139e+03
3.073541670121657243e-02 1.610394776267720098e-04 1.512163216565808170e+03 2.706088084134111796e+03
3.130202113967314043e-02 1.601611386835888914e-04 1.447477621306997207e+03 2.474007413789804559e+03
3.187829616083302092e-02 1.617314655979870588e-04 1.431977011124638466e+03 2.744996020307989056e+03
3.243116544564791232e-02 1.538608760869338953e-04 1.492746992671733778e+03 2.502676472491264121e+03
3.299216766677993268e-02 1.611233124514211226e-04 1.315394208389492405e+03 2.496600328403253116e+03
3.356736398329099313e-02 1.663454620882158432e-04 1.284425425414513484e+03 2.510910139518033247e+03
3.414402660727465511e-02 1.640382449361125745e-04 1.252992902347379413e+03 2.605127423647450541e+03
3.471130967831000808e-02 1.630032768676974132e-04 1.295821156238281446e+03 3.136416623958593846e+03
3.527735698771047868e-02 1.586001804608078701e-04 1.227497755301069446e+03 2.904566037193537340e+03
3.584212235715712042e-02 1.639966754556168333e-04 1.187796993422396781e+03 2.687033712880911480e+03
3.641360588793606662e-02 1.657583269312397649e-04 1.183395581800896707e+03 2.618803164710603141e+03
3.699204988164981472e-02 1.675000753634397783e-04 1.069193242289241653e+03 2.392327432927493192e+03
3.756614079521862493e-02 1.629487981199718039e-04 1.107402460318999374e+03 2.446911879516283534e+03
3.813173457968466878e-02 1.601709563038417852e-04 1.068145421653665380e+03 2.419191903941202327e+03
3.870123861937398851e-02 1.665320094485753287e-04 1.037691621235852153e+03 2.479331630866738578e+03
3.927038477907367903e-02 1.595739901444135473e-04 1.041058200349116305e+03 2.600440226627555603e+03
3.983223020581289769e-02 1.600525917385948560e-04 1.006687545023073994e+03 2.688270144961108144e+03
4.040319254749303451e-02 1.629847608929755492e-04 1.026351981186583998e+03 2.827165644965858064e+03
4.097847983742942957e-02 1.637423276387615315e-04 1.092137895874872811e+03 2.257023445613839613e+03
4.154845757908610243e-02 1.632858927968540170e-04 1.169330792603768941e+03 2.251696622383547037e+03
4.211096617867943898e-02 1.591954733700759082e-04 1.069242009597855485e+03 2.147640315766947879e+03
4.267479996429063283e-02 1.626922294717144508e-04 1.122231259424610698e+03 1.966847741384254732e+03
4.324894861578967853e-02 1.648791604420656303e-04 1.149842738082843198e+03 1.999559709910151241e+03
4.382259982426141981e-02 1.648119453955710235e-04 1.179474834770607231e+03 2.155183050644226114e+03
4.439684817608391398e-02 1.657857907598298485e-04 1.141731170830317978e+03 2.201729010977646794e+03
4.496810105634749255e-02 1.605461979391622574e-04 1.176026018935772754e+03 2.088137954046606410e+03
4.554171224836644355e-02 1.614682433042145099e-04 1.184372955368995235e+03 2.114327439232823053e+03
4.610155748578476098e-02 1.611681308731387956e-04 1.219529271819204041e+03 2.062384269973584196e+03
4.666878268161533255e-02 1.633706314247453106e-04 1.144254972720617843e+03 2.120278843763089753e+03
4.724179112493420707e-02 1.640064362845387305e-04 1.255259393739452889e+03 2.120010300511601599e+03
4.781485863682106985e-02 1.603970986623863418e-04 1.302914176177774607e+03 2.133532114798591920e+03
4.838090364323261588e-02 1.627767526220613541e-04 1.212589719339534213e+03 2.128562794562916224e+03
4.894660559372156217e-02 1.600077588688515891e-04 1.241388904022252291e+03 2.158086566848146049e+03
4.951392975822679204e-02 1.634972655076515600e-04 1.267634268549575836e+03 2.237498286501202529e+03
5.008115425656571584e-02 1.603631424906807766e-04 1.282511172630599958e+03 2.111504613857807271e+03
5.065256697268687158e-02 1.664439466334601014e-04 1.231110980904606322e+03 2.183576138916972468e+03
5.123133419340119427e-02 1.667486900368933577e-04 1.251675829396907147e+03 2.068481749715430851e+03
5.180421108800337127e-02 1.611095602893855170e-04 1.305444105970591863e+03 2.062279052546220555e+03
5.236713679473175426e-02 1.603377452188200906e-04 1.282999579906480449e+03 2.122100203398038047e+03
5.293154350511707074e-02 1.605256493091678871e-04 1.222671281770146834e+03 2.204552323168008115e+03
5.350294899456310010e-02 1.654539019890845816e-04 1.254819134991195824e+03 2.131831898666386678e+03
5.407783127769403425e-02 1.644366395932839436e-04 1.342149018596592668e+03 2.135447194640810721e+03
5.464518700993563349e-02 1.590918667890646085e-04 1.252885622066031601e+03 2.135277407685249727e+03
5.521180254731322679e-02 1.639690274967515408e-04 1.246736748895921664e+03 2.180906479082674196e+03
5.578118974576895539e-02 1.623934658103401852e-04 1.365569063427769606e+03 2.387517621632450755e+03
5.635204012334044110e-02 1.654459582011890610e-04 1.307769298076976156e+03 2.221892889690934226e+03
5.692194091187841726e-02 1.625987328923687999e-04 1.290688738098444901e+03 2.269304394996758674e+03
5.749478002898722462e-02 1.655984877751828300e-04 1.325613050771936742e+03 2.293096903700095481e+03
5.806930997482655232e-02 1.655746571821645468e-04 1.389068618852825011e+03 2.185200584582911688e+03
5.863764960575895691e-02 1.619312658378289417e-04 1.340757791938878199e+03 2.067818357093092345e+03
5.920538301250988927e-02 1.643971387980548010e-04 1.229711802880854066e+03 2.081832296409577793e+03
5.977124795561390702e-02 1.608666510810117102e-04 1.298821574688215833e+03 1.962029189385211794e+03
6.033874205823501480e-02 1.647868771213089787e-04 1.331369755323926938e+03 1.970498531776321443e+03
6.091325274162821130e-02 1.670864426803059786e-04 1.272189350019910080e+03 1.904785458195729461e+03
6.148502541354739642e-02 1.622556436834592466e-04 1.251419555298077057e+03 2.060426335773825485e+03
6.205189136096481151e-02 1.633157011047392103e-04 1.304100129387340303e+03 1.985098736683254629e+03
6.261854057389056039e-02 1.632174873325562328e-04 1.322983289368881742e+03 1.982725452337172783e+03
6.318914383441272264e-02 1.653760971298145642e-04 1.263524017211450655e+03 1.987370674622425440e+03
6.376023449301351786e-02 1.639035598801139970e-04 1.282217635848762029e+03 2.016410082102064962e+03
6.432803307533360715e-02 1.621645700903011529e-04 1.358146533840488246e+03 1.920329569449058909e+03
6.489856998451654091e-02 1.669862521714594579e-04 1.300021934199703310e+03 1.826078757262085674e+03
6.547274804449723651e-02 1.640885159182881579e-04 1.245692983880855991e+03 1.915935269317167013e+03
6.604180489849272029e-02 1.646639673704165785e-04 1.284779906383815387e+03 1.846962288307708150e+03
6.660623119719892571e-02 1.592929675731703267e-04 1.279523793536446647e+03 1.878781915818452717e+03
6.717024245245407921e-02 1.633539662043708850e-04 1.296904075158284741e+03 1.948064589982318012e+03
6.774389482141124352e-02 1.675576388295976283e-04 1.194906079267060477e+03 2.014864521873764716e+03
6.831826847514600731e-02 1.637923581578484378e-04 1.275943747992054796e+03 1.980068889710398253e+03
6.888705730474702082e-02 1.652744253581401798e-04 1.324226688644223714e+03 2.060891451893476187e+03
6.945542383473701786e-02 1.629104493176388108e-04 1.250174088568428942e+03 2.040996329755698753e+03
7.002342773589911862e-02 1.648151485242108744e-04 1.254496775261093035e+03 1.941568338734205781e+03
7.059366999044673630e-02 1.662550227318501748e-04 1.279798039679994872e+03 2.047121565587544410e+03
7.116506368401853688e-02 1.625838995224176237e-04 1.264251344664731050e+03 2.094487110504513112e+03
7.173435402599639965e-02 1.652084184602575149e-04 1.222311335477891134e+03 2.104128698984934090e+03
7.230413345010822113e-02 1.637183997182977205e-04 1.212022143466221905e+03 1.777584027449995347e+03
7.287535309411086182e-02 1.672417923450074428e-04 1.235647141610438439e+03 1.735786343496123436e+03
7.344264351459812989e-02 1.615107883662340199e-04 1.205002337103603395e+03 1.747832564891253242e+03
7.400874308516815214e-02 1.643358076012312692e-04 1.171227726471085589e+03 1.791933387266733916e+03
7.458027476342153628e-02 1.675440758529865104e-04 1.220162465778114210e+03 1.730625403802939900e+03
7.515360206925635056e-02 1.659007866472888876e-04 1.252653721587403652e+03 1.747265031790297826e+03
7.572653043280640206e-02 1.667703897627628403e-04 1.181763137181938873e+03 1.745115960441742573e+03
7.629257439157649534e-02 1.613026437962709273e-04 1.202166423953078265e+03 1.738644137201646572e+03
7.685854794482006869e-02 1.655132643693588959e-04 1.243752328090996116e+03 1.734779260197154599e+03
7.743095484667150696e-02 1.663188505340156562e-04 1.220236120294679267e+03 1.826759158074118659e+03
7.800307387325174091e-02 1.646088130976341784e-04 1.219194258210163525e+03 2.044238293827837651e+03
7.857285937600359815e-02 1.642827697957887148e-04 1.228517935330761702e+03 1.915077640944481573e+03
7.914030433697126499e-02 1.644038741673722285e-04 1.237415385714472450e+03 1.846050809656986758e+03
7.971363909789573599e-02 1.686246663258572599e-04 1.199857258094476720e+03 1.817975346085407182e+03
8.028336742288347261e-02 1.630175830377963476e-04 1.190495413381108165e+03 1.883584338001997139e+03
8.084657461908631437e-02 1.624830525152602299e-04 1.227654587114441711e+03 1.846142305717698491e+03
8.141576836553932051e-02 1.669327409291318032e-04 1.229348897232217041e+03 1.822111131277073355e+03
8.198999899294683036e-02 1.665678872732673699e-04 1.197826980999831449e+03 1.873547407560296506e+03
8.256291600642022555e-02 1.667742795597147189e-04 1.209764670716581350e+03 1.960241194534295801e+03
8.313017350722522181e-02 1.622220755033760729e-04 1.233283291720453235e+03 1.880258864157483686e+03
8.369804984259203440e-02 1.664688827049269940e-04 1.214472014194673875e+03 1.822589874190580986e+03
8.427145695211719911e-02 1.665250916999540221e-04 1.182279236789660899e+03 1.786262423094545284e+03
8.484322389617167393e-02 1.637586992165824878e-04 1.192092470892655683e+03 1.762873092695673904e+03
8.541128619399389332e-02 1.638398048391557582e-04 1.200073820566925406e+03 1.711304180014456961e+03
8.597509273105490013e-02 1.644107441723988399e-04 1.168610347409019141e+03 1.691458909783484614e+03
8.654469928656065292e-02 1.672242711847612485e-04 1.103408687773367319e+03 1.661812708507156231e+03
8.711602704802673403e-02 1.664756484490882563e-04 1.134865122880559738e+03 1.626488042080638024e+03
8.768297517393514040e-02 1.629738329798275699e-04 1.116704176856111417e+03 1.631384658918808555e+03
8.825290032547439267e-02 1.677753802148126223e-04 1.087154053605519039e+03 1.630106831495372717e+03
8.882728963116363896e-02 1.660840529133248355e-04 1.065353662175095224e+03 1.659345601132340107e+03
8.939873099459381967e-02 1.674600101650153944e-04 1.089153805986255975e+03 1.686736945473599462e+03
8.996574992076772359e-02 1.625954485546293369e-04 1.088788671322880646e+03 1.634089164608360306e+03
9.052975174956454096e-02 1.641884755214948822e-04 1.031074671833452157e+03 1.543052219597940621e+03
9.109728160029302579e-02 1.665878210071322293e-04 1.048482896334454836e+03 1.546360761197380498e+03
9.167360308611512132e-02 1.691673024739786862e-04 1.036851993235893588e+03 1.554063205327501009e+03
9.224630046812692941e-02 1.661180387969159406e-04 1.030981864367963453e+03 1.656782071470247502e+03
9.280964568107687163e-02 1.622004669329406214e-04 1.022529539125951260e+03 1.545902582707416968e+03
9.337787253947693600e-02 1.693425656590344841e-04 1.037224276992090154e+03 1.413569308419157551e+03
9.395095418203168458e-02 1.671756127807440728e-04 1.041718155585745308e+03 1.415714073744131611e+03
9.452173027257999849e-02 1.664324071683900906e-04 9.924369461696006738e+02 1.395740337301447653e+03
9.509326738515321009e-02 1.669069438581976313e-04 9.728434301636350483e+02 1.392622223013869871e+03
9.566272265491507221e-02 1.645312906553754331e-04 1.023174336132731810e+03 1.394591510629625873e+03
9.623155192590433782e-02 1.679894106670357307e-04 9.999427039904409185e+02 1.367923966615976724e+03
9.680127410679029154e-02 1.658827779818066437e-04 9.503719193789054316e+02 1.394287386627442629e+03
9.736705924256724987e-02 1.641594083169862182e-04 9.672218276387465039e+02 1.320128157344524652e+03
9.793397891459672266e-02 1.671298929232743204e-04 9.839741694925269258e+02 1.325578494127617205e+03
9.850609229929045696e-02 1.670469061983355678e-04 9.892076934466067542e+02 1.406890511421339852e+03
9.907763528137655817e-02 1.686261721501068134e-04 9.497929497847060247e+02 1.564776726828838264e+03
9.964620103317545219e-02 1.646969559683391672e-04 9.687515889436236876e+02 1.675629749722289716e+03
1.002153546806325707e-01 1.683661006222900484e-04 9.917416601260429161e+02 1.572198570812268827e+03
1.007852801008298216e-01 1.662213748647504671e-04 9.570161908268944444e+02 1.540826368869353246e+03
1.013566836402035737e-01 1.686156360751308778e-04 9.273749820613990096e+02 1.526057922783718595e+03
1.019292104740007615e-01 1.675656292710030074e-04 9.512624679046717802e+02 1.457107502902737679e+03
1.024979026966999635e-01 1.641718659939537769e-04 9.476999527174150444e+02 1.464355777426132363e+03
1.030626501369650422e-01 1.662647002628721900e-04 9.497451669550459883e+02 1.509327852714433448e+03
1.036325615768987768e-01 1.677506288003891564e-04 9.236947282721808961e+02 1.451094112612488061e+03
1.042015450127809773e-01 1.651266135071514983e-04 9.325029249963509983e+02 1.464338188902601132e+03
1.047667552694281357e-01 1.657590553678264496e-04 9.221084618841468910e+02 1.458991341902881686e+03
1.053386952436592555e-01 1.679619864400426596e-04 8.974120565196604957e+02 1.486150215188710263e+03
1.059134139977540023e-01 1.698437360931091887e-04 9.154602936424804511e+02 1.460510766610841529e+03
1.064843746813403103e-01 1.658628055845030955e-04 9.212194490497247443e+02 1.463747438763627088e+03
1.070507481145438894e-01 1.666854284079099168e-04 9.108434474874097759e+02 1.672176033674200198e+03
1.076185747185142566e-01 1.663538982367525809e-04 9.074239650709243961e+02 1.698739502833058850e+03
1.081928030631775922e-01 1.695974762735689327e-04 9.130306320792319639e+02 1.599156173065480061e+03
1.087656902841804690e-01 1.673207808882646859e-04 8.997197327688901396e+02 1.542153930979279721e+03
1.093349095435287022e-01 1.650571071372068503e-04 8.903063699603889063e+02 1.515451723010667138e+03
1.098998968859329073e-01 1.653922135491046874e-04 8.900256118365927023e+02 1.504218686892494816e+03
1.104650792777204099e-01 1.660613932100028149e-04 8.991959942542561066e+02 1.469154270608798925e+03
1.110347550091190794e-01 1.673984014251322830e-04 8.745291160408552287e+02 1.468291209631510355e+03
1.116043978296737960e-01 1.663457032548090492e-04 8.669449091820828244e+02 1.479988797977079003e+03
1.121764550297892488e-01 1.669280685209542355e-04 8.821762375475858562e+02 1.515749277696798572e+03
1.127477509647829418e-01 1.677883198256345770e-04 8.727685470899344864e+02 1.451915065339936064e+03
1.133181386605659896e-01 1.666877358686726356e-04 8.399682032778670191e+02 1.485920123486555894e+03
1.138869733692361025e-01 1.670691570130550599e-04 8.478711200434854618e+02 1.558525420468489301e+03
1.144538206711315093e-01 1.650528883812137581e-04 8.523515797865968580e+02 1.644522816419854280e+03
1.150232504477800843e-01 1.671433673353676854e-04 8.582521738015605024e+02 1.735191011613366300e+03
1.155958424109956584e-01 1.687782241412863851e-04 8.449520906360701247e+02 1.869079575705774232e+03
1.161669362318749760e-01 1.656345389695187075e-04 8.018443582862236099e+02 1.483045973500898072e+03
1.167358579269463237e-01 1.669853113379273098e-04 8.289018977825772936e+02 1.469821918220341331e+03
1.172994812905418655e-01 1.633453369740070905e-04 7.971412518013198678e+02 1.469007316193843735e+03
1.178693415747435191e-01 1.706918281686270423e-04 7.749710586229811042e+02 1.388078271026462289e+03
1.184423166348663042e-01 1.666414775224065239e-04 7.759219295163532024e+02 1.341236946976525360e+03
1.190110709128645028e-01 1.663638367743462579e-04 7.737105455029594623e+02 1.354616495856224674e+03
1.195822249089615874e-01 1.690654876044900778e-04 7.560807933963080814e+02 1.345727833593123705e+03
1.201515384530931901e-01 1.657107326412885493e-04 7.662682848154948942e+02 1.386126683490694177e+03
1.207203070100967696e-01 1.697824037341870277e-04 7.627940393951257647e+02 1.365109069387115142e+03
1.212893789497967584e-01 1.645062745128841582e-04 7.714113442180082529e+02 1.395098170617579171e+03
1.218587344954810692e-01 1.687185729514112430e-04 7.517217982984493574e+02 1.423966506920059373e+03
1.224315422479737431e-01 1.684325549898935766e-04 7.525146689037966325e+02 1.430631125711570803e+03
1.230031024688151564e-01 1.674450188982372031e-04 7.554697917084605479e+02 1.436423375351885625e+03
1.235692064971041920e-01 1.654858851603093807e-04 7.547237214957433480e+02 1.477273177605166438e+03
1.241357044177045510e-01 1.659720870508394534e-04 7.487375781035237878e+02 1.491630627834923871e+03
1.247039465535192820e-01 1.683986322162994633e-04 7.664451007124408761e+02 1.523267299331569347e+03
1.252755795320700805e-01 1.683907220206874657e-04 7.499126324697746213e+02 1.556938632370687174e+03
1.258487906085339059e-01 1.686700705794193938e-04 7.514647785866912955e+02 1.592984869226228511e+03
1.264159571190660580e-01 1.652179277049539003e-04 7.447513242128078446e+02 1.636240969060017505e+03
1.269828884650241185e-01 1.682275158853999782e-04 7.543296207795277724e+02 1.558219598222472086e+03
1.275536975897068048e-01 1.699945217756056311e-04 7.321131796843219490e+02 1.487546758001881017e+03
1.281224854220955056e-01 1.651307540114785929e-04 7.121282357159874437e+02 1.504739792917668183e+03
1.286933529498555107e-01 1.701343314661988432e-04 7.056111620098363346e+02 1.495432471058069723e+03
1.292655480483474451e-01 1.676067768868043666e-04 7.175848952587905387e+02 1.565829282139854058e+03
1.298381320364055402e-01 1.698502307153819477e-04 6.914037355598329668e+02 1.572503025639872249e+03
1.304065004643886472e-01 1.662590713957073614e-04 7.191397195950941068e+02 1.770395837316686539e+03
1.309696647492289701e-01 1.648775306060591586e-04 7.134241836017041578e+02 1.950147270899605473e+03
1.315373451465835508e-01 1.689828297922074424e-04 7.163667662527216180e+02 1.842544101897217843e+03
1.321104548825929870e-01 1.692437791566149248e-04 7.014858678075160014e+02 1.763722413973439643e+03
1.326857375154495422e-01 1.701412893773342791e-04 6.745338563620305194e+02 1.683802936345908165e+03
1.332532105105006526e-01 1.644569666538046621e-04 6.779653075590945264e+02 1.660187107325463558e+03
1.338169159059840463e-01 1.669349164154969388e-04 6.760656829997312798e+02 1.621810395233561394e+03
1.343878521917558355e-01 1.710989809362133140e-04 6.432322879052485405e+02 1.560762237995010537e+03
1.349603519234164606e-01 1.669359809471280241e-04 6.557360656319593772e+02 1.560116874109304717e+03
1.355290305791368166e-01 1.681850279728993908e-04 6.616714074786463016e+02 1.521624385956945616e+03
1.360973837558105970e-01 1.672720190942342982e-04 6.646099540590611241e+02 1.522593172203707809e+03
1.366702481526201884e-01 1.708447662465230929e-04 6.608674046013596808e+02 1.514659053490128372e+03
1.372430315571489257e-01 1.691354598733625886e-04 6.432153321611592673e+02 1.505439388212455924e+03
1.378108023738988663e-01 1.655095118276463367e-04 6.529636968713225542e+02 1.524079770366390221e+03
1.383775771841717073e-01 1.688697319054608108e-04 6.517837382718304298e+02 1.525832038220113191e+03
1.389475494428869251e-01 1.678488202031736996e-04 6.462825966635974737e+02 1.574961892643021429e+03
1.395212707222466542e-01 1.706686089865116498e-04 6.487590366443405401e+02 1.590289645158111853e+03
1.400889121513610169e-01 1.642552252938431841e-04 6.344058231457722741e+02 1.491492304117764661e+03
1.406549225596408492e-01 1.677068842031393325e-04 6.213864746417411880e+02 1.454736832492355461e+03
1.412248346533533649e-01 1.690116372437921836e-04 6.144670808824261030e+02 1.450613785687884274e+03
1.417941068254391923e-01 1.670093111184721305e-04 6.182842622063290037e+02 1.456212522819065043e+03
1.423656355559977105e-01 1.701113259151621523e-04 6.188660547977187889e+02 1.461022122353880604e+03
1.429379426548450516e-01 1.680137101872804901e-04 6.287904147623407880e+02 1.522484593054666220e+03
1.435073798773808806e-01 1.680731226947347449e-04 6.266423545088181299e+02 1.530784987692529057e+03
1.440771818883720135e-01 1.700547988868273460e-04 6.314826902350167757e+02 1.590979802073464498e+03
1.446462814315041256e-01 1.656083218657698264e-04 6.125739301081991925e+02 1.640566419586513121e+03
1.452125052555256202e-01 1.684844368229841379e-04 6.294687664985206084e+02 1.673499249341065251e+03
1.457839388954616788e-01 1.683948538788424302e-04 6.264379928847431529e+02 1.724810959382090005e+03
1.463565998042226923e-01 1.696091316128981602e-04 5.998473587849485966e+02 1.433870979134601157e+03
1.469262515022519144e-01 1.678401351863458880e-04 6.068452044233866900e+02 1.436027894675348534e+03
1.474939603756106055e-01 1.662361282026037781e-04 5.850444347129003972e+02 1.412759212693274776e+03
1.480599603203204828e-01 1.689692884581891531e-04 5.942659646640661322e+02 1.448615500258627890e+03
1.486327115689581868e-01 1.699906230327237369e-04 6.010444383663628969e+02 1.429161690180361347e+03
1.492081352424435847e-01 1.705464038084299888e-04 5.862175255669599210e+02 1.434189236319172323e+03
1.497757709243307811e-01 1.650550262190966344e-04 5.907504593919333047e+02 1.439863951935500381e+03
1.503440440185784821e-01 1.697700114005154016e-04 5.906553855493283436e+02 1.424896519635407913e+03
1.509165958312842226e-01 1.699682166885640609e-04 5.733077421241932825e+02 1.413245450576192979e+03
1.514833720283045582e-01 1.659668407878710781e-04 5.722204747561395379e+02 1.427947242754212994e+03
1.520535874762121153e-01 1.717455855130118302e-04 5.773878316021907722e+02 1.434407102078786238e+03
1.526244657128841553e-01 1.657301816656426262e-04 5.819264050773908821e+02 1.439642301741999518e+03
1.531944048177990569e-01 1.713997825808457514e-04 5.678644381437536595e+02 1.424844951925700798e+03
1.537674057112714543e-01 1.683184361717697194e-04 5.634369147821518027e+02 1.439127022865460503e+03
1.543362110005573606e-01 1.672940019100741915e-04 5.720824971560787162e+02 1.450667817576777225e+03
1.549035637416945888e-01 1.683704996117138595e-04 5.835821486525985620e+02 1.542466637558185766e+03
1.554722463860159776e-01 1.679966869967229463e-04 5.748209742998038791e+02 1.525036886379155249e+03
1.560459900208626682e-01 1.721912382081908352e-04 5.622217389315238734e+02 1.464034532038961970e+03
1.566169656076583372e-01 1.644351779286681305e-04 5.732239818297005058e+02 1.478372842087182562e+03
1.571832626482055628e-01 1.687377649035877556e-04 5.841986440363514248e+02 1.585948907868175411e+03
1.577529731736015683e-01 1.685032013314121226e-04 5.755997538086879786e+02 1.652550568306143532e+03
1.583220903444891303e-01 1.683163842921365030e-04 5.772694492924722454e+02 1.582280818541471263e+03
1.588898426236498296e-01 1.680831093395561773e-04 5.669682739160271012e+02 1.527494295347147727e+03
1.594604050133666684e-01 1.681961490325961466e-04 5.744843660423965730e+02 1.503205658290489055e+03
1.600333507585789128e-01 1.699292061477151691e-04 5.740108240930084094e+02 1.479037647168016520e+03
1.606039751785176550e-01 1.676014211195516617e-04 5.705788163406785998e+02 1.469480719749084074e+03
1.611733306027465507e-01 1.674719191452298808e-04 5.557403853569032890e+02 1.451358839673597231e+03
1.617399428297464081e-01 1.670147894377376440e-04 5.535658758947265596e+02 1.439790440764724053e+03
1.623094165412102274e-01 1.685486181051048323e-04 5.614508293249272128e+02 1.474280883517478060e+03
1.628816146816564336e-01 1.697331187471751341e-04 5.672160361523414167e+02 1.516126783031426839e+03
1.634521907192554857e-01 1.667365662967356169e-04 5.567942219953085896e+02 1.490051479333493262e+03
1.640201921602927604e-01 1.668450608006982088e-04 5.645931879632809114e+02 1.514724911075916680e+03
1.645878330457274941e-01 1.680024365211419009e-04 5.566787085586441890e+02 1.538500636673225472e+03
1.651567618716379693e-01 1.671645999819425471e-04 5.644271653458000628e+02 1.603490309947858577e+03
1.657264779056585591e-01 1.692876351931912112e-04 5.606116586264651005e+02 1.662227768564436246e+03
1.662962408688682669e-01 1.652752217670282631e-04 5.552630215339440838e+02 1.599171757479596408e+03
1.668647238338327454e-01 1.682325870054191376e-04 5.446156255129803867e+02 1.641186336118404597e+03
1.674354358933244080e-01 1.682128548936996084e-04 5.369938298459866246e+02 1.470128043499594241e+03
1.680094054343551913e-01 1.689693834722883078e-04 5.187775927146752792e+02 1.378140725631059922e+03
1.685780229112530948e-01 1.656412772259727910e-04 5.157503576555257041e+02 1.374468510038538170e+03
1.691444670762947966e-01 1.663938667591130006e-04 5.264088399538320573e+02 1.408311881363065368e+03
1.697172744927546439e-01 1.706035561163262403e-04 5.252444825064948191e+02 1.393730006296849524e+03
1.702883555641972191e-01 1.651453159791982698e-04 5.147160081295025975e+02 1.402213093418581821e+03
1.708558824935764719e-01 1.669047537037073015e-04 5.140117619100767570e+02 1.391378922944225224e+03
1.714232028805131036e-01 1.657789959538249428e-04 5.207438651533293523e+02 1.403114622811465097e+03
1.719901606670392880e-01 1.664771945397595986e-04 5.098427240810710828e+02 1.388728912023503426e+03
1.725613018599664872e-01 1.702346576903621155e-04 5.056145313230927627e+02 1.384109551113481075e+03
1.731341760090149007e-01 1.652267194600903874e-04 5.387670747885151741e+02 1.585486692599615708e+03
1.737035157371246696e-01 1.673892631280851499e-04 5.367461842362038169e+02 1.659413747718918103e+03
1.742727842266845462e-01 1.657783179754444749e-04 5.279268005609178545e+02 1.614811774892222275e+03
1.748432872012828931e-01 1.684648893808943758e-04 5.105440141349633905e+02 1.546743074151421752e+03
1.754145481899948289e-01 1.664099932724438259e-04 5.166090403111080605e+02 1.517566082523311024e+03
1.759798591290594183e-01 1.632250142203518621e-04 5.244474263920716339e+02 1.517543616251873573e+03
1.765467593179363692e-01 1.687058492546679510e-04 5.146099523857926670e+02 1.473577467662543768e+03
1.771202219091868868e-01 1.674150367944676960e-04 5.140621916001209684e+02 1.478362909186594379e+03
1.776904693503658372e-01 1.659444764880447219e-04 5.235962656529297874e+02 1.491867635360988061e+03
1.782604010459035992e-01 1.678492110363692593e-04 5.160803693739906066e+02 1.480547025471544657e+03
1.788307500913050574e-01 1.655667938356936251e-04 5.161865654840964908e+02 1.489763108334547496e+03
1.793995450609073561e-01 1.698790182135153357e-04 5.124065460065193065e+02 1.481456140424189016e+03
1.799720812630283273e-01 1.649397208111774433e-04 5.210564916218235112e+02 1.520257384843757109e+03
1.805386456712941290e-01 1.651686536354535846e-04 5.083157019386712818e+02 1.481132291983308960e+03
1.811069383659960064e-01 1.669141728889542056e-04 5.135719752499547894e+02 1.484378508513971383e+03
1.816791523919583096e-01 1.673943658269089305e-04 5.148549475247245937e+02 1.569960831181139611e+03
1.822471761600497897e-01 1.659082293283683726e-04 5.281756095674575135e+02 1.667870993243823477e+03
1.828148900218806716e-01 1.652374151227169804e-04 5.377897341793479882e+02 1.608566814659968259e+03
1.833837884800252616e-01 1.666261844216967319e-04 5.224616432372190502e+02 1.580897856779396989e+03
1.839552836478638986e-01 1.671187308753734958e-04 5.191279584729571752e+02 1.509943106681537756e+03
1.845307098877413121e-01 1.672904076187442383e-04 5.052727389548979886e+02 1.485154103551765729e+03
1.850974035949538854e-01 1.617180604635059052e-04 5.196977320586061069e+02 1.477845450863102997e+03
1.856640408950079868e-01 1.676837744426350890e-04 5.041187799758923234e+02 1.446113752902326496e+03
1.862375265135386981e-01 1.677282116506915923e-04 5.096748791528408447e+02 1.443056849543859016e+03
1.868039468531301484e-01 1.623802461812587014e-04 5.107670953259795965e+02 1.431569276212822842e+03
1.873699886718823426e-01 1.657420409103716884e-04 4.845348760471412106e+02 1.403285007080511605e+03
1.879411051470216143e-01 1.653735326389958336e-04 4.917285838141644376e+02 1.405049108078743302e+03
1.885140907105027908e-01 1.672620345275643188e-04 5.133191309070506350e+02 1.486483563017538472e+03
1.890853277977380953e-01 1.660417714361772993e-04 4.915608906665505629e+02 1.477889541208237688e+03
1.896534166623433659e-01 1.636785168102265048e-04 5.071212106564070154e+02 1.529894742681374510e+03
1.902213717067860743e-01 1.664320399803167409e-04 5.106248227375461397e+02 1.627774039700362209e+03
1.907926445050983078e-01 1.652241434340370838e-04 4.904217487838544685e+02 1.403591045737797003e+03
1.913636616984963901e-01 1.658406534608816219e-04 4.817489136542788515e+02 1.391063052989063635e+03
1.919320125866155191e-01 1.633419537727983501e-04 4.856879117653326716e+02 1.410515345987321325e+03
1.925027719145957217e-01 1.669895910668903205e-04 4.794356531565945829e+02 1.393919592791275363e+03
1.930743279843360749e-01 1.658240720341930263e-04 4.810687786737153715e+02 1.394208750518783518e+03
1.936410871117785759e-01 1.627106479512474178e-04 4.747842454742738596e+02 1.397740695753317368e+03
1.942099136773889068e-01 1.664287986565099443e-04 4.792528927372717362e+02 1.397457163847089078e+03
1.947796436338841142e-01 1.627183489116277627e-04 4.867087067526388182e+02 1.424589320611892845e+03
1.953489635069127761e-01 1.666200070465689495e-04 4.734958657562476674e+02 1.429524471554095499e+03
1.959206053767875433e-01 1.661048004618073323e-04 4.834092432069032270e+02 1.445124012615419360e+03
1.964882333785077095e-01 1.622467225164098516e-04 4.815924409766903977e+02 1.460865257858175937e+03
1.970536871276055424e-01 1.657816994959148489e-04 4.741177463827396537e+02 1.449141279098945233e+03
1.976259922429931259e-01 1.656548398263570001e-04 4.839804752565698891e+02 1.466859161700876029e+03
1.981968337671215774e-01 1.648743708435729391e-04 4.809713943691883173e+02 1.495236824101890988e+03
1.987649076073500498e-01 1.644838419777039384e-04 4.876190825623826299e+02 1.535129754922034181e+03
1.993382110205279001e-01 1.665245005574342676e-04 4.994374751528212641e+02 1.563718819540182494e+03
1.999092594311902560e-01 1.653975915170942195e-04 4.778674997930949075e+02 1.543898652616690697e+03
2.004775050327681774e-01 1.632132696153190275e-04 4.831898702957775527e+02 1.431952319272343175e+03
2.010472448887819508e-01 1.656269295659925560e-04 4.621115315181851315e+02 1.376136412668983439e+03
2.016136074328978844e-01 1.609125550350789667e-04 4.671678691338015028e+02 1.379020820951620408e+03
2.021821692108862201e-01 1.669410075368543732e-04 4.643933446711918691e+02 1.375530050050365617e+03
2.027546845972609812e-01 1.648786521103165405e-04 4.598180670870572158e+02 1.376581694355716991e+03
2.033234505991677876e-01 1.627817243701184385e-04 4.692701760776303672e+02 1.390168606836095705e+03
2.038890589650429186e-01 1.633884905506646388e-04 4.599158112944156187e+02 1.387100387908232733e+03
2.044563078991866456e-01 1.634848478959048906e-04 4.576389613236428318e+02 1.387004288091600074e+03
2.050309181044366325e-01 1.679849482309571157e-04 4.904635570926274681e+02 1.581288216084429678e+03
2.056052192120658151e-01 1.628431465261789119e-04 4.905047200075247815e+02 1.587601044143422087e+03
2.061731383725521616e-01 1.629573135641026668e-04 4.976222228455981167e+02 1.587178804422002941e+03
2.067424970827703989e-01 1.651934988481173030e-04 4.857030640617341533e+02 1.637139977891509716e+03
2.073118484753536661e-01 1.618344599106812576e-04 4.970504667686628295e+02 1.593952318389034417e+03
2.078795763266520491e-01 1.644460048959850700e-04 4.697005224245134514e+02 1.496840493218159736e+03
2.084477865339623426e-01 1.604430954091103220e-04 4.714026682225143077e+02 1.476426373849784568e+03
2.090159779151617714e-01 1.642922148394388468e-04 4.645982361645854439e+02 1.434479088445694060e+03
2.095878413924421590e-01 1.643933753231822926e-04 4.768241055753244950e+02 1.414087237882937643e+03
2.101586000308748314e-01 1.617428635315935729e-04 4.714590556177475946e+02 1.410521873411405068e+03
2.107254573466961489e-01 1.629801993794165562e-04 4.647849342563147275e+02 1.393535230048369613e+03
2.112954894720326937e-01 1.616304423802452381e-04 4.808003531385166411e+02 1.440862560194205571e+03
2.118664587592574700e-01 1.644979997532971779e-04 4.663535625486068170e+02 1.406805394062449977e+03
2.124378903742842883e-01 1.621838144857629756e-04 4.754221121691836629e+02 1.420330971641894621e+03
2.130081844402901825e-01 1.618951819974519745e-04 4.738775344101076143e+02 1.432496702712266142e+03
2.135756412562742346e-01 1.616072201319093639e-04 4.673528211140775852e+02 1.438982440496090021e+03
2.141431095340998181e-01 1.611655378736936972e-04 4.732288851155887528e+02 1.483245733691437408e+03
2.147124385721021489e-01 1.636614748368391502e-04 4.601277730122434946e+02 1.423556369789790324e+03
2.152825070688314246e-01 1.602194281096502339e-04 4.669528659962738857e+02 1.398875426570897389e+03
2.158522024612828938e-01 1.630543380540852821e-04 4.555731880810809002e+02 1.371865320575735950e+03
2.164236410824103840e-01 1.629265722878290830e-04 4.559729818570321527e+02 1.368217424556411061e+03
2.169946377949703575e-01 1.614293873056614622e-04 4.584932327497560891e+02 1.384066604137713739e+03
2.175605729031298841e-01 1.608637774037720747e-04 4.589093354467946142e+02 1.404300259766269846e+03
2.181288283086519897e-01 1.617843711551033908e-04 4.624230242852631250e+02 1.431439127663393947e+03
2.187016972608919474e-01 1.642231396443989797e-04 4.569081296163182628e+02 1.452540600555223818e+03
2.192735378992489159e-01 1.611346929615922480e-04 4.608522507937291834e+02 1.527868852538932515e+03
2.198420693327713948e-01 1.603161863068486390e-04 4.588062853217697921e+02 1.498564699304336273e+03
2.204093543985171655e-01 1.614543244885158939e-04 4.560819603289504585e+02 1.471350491191294168e+03
2.209762270951374785e-01 1.602609511225768705e-04 4.399196175194849161e+02 1.324097904897937951e+03
2.215452487058755804e-01 1.644569298032381999e-04 4.348703510044984455e+02 1.320977088179047769e+03
2.221175531265534575e-01 1.604596667221471395e-04 4.514805213649240727e+02 1.333418234893047384e+03
2.226836067884225556e-01 1.641978756788750745e-04 4.651680136475807217e+02 1.354254654291616134e+03
2.232565871471269836e-01 1.654563472422474846e-04 4.858375022068512408e+02 1.366726848664283352e+03
2.238289513709997014e-01 1.633945495243986157e-04 4.965650063945352031e+02 1.393049485173172570e+03
2.243956179226320458e-01 1.628117220857341256e-04 5.101047858655501841e+02 1.398664503410952420e+03
2.249622579323688198e-01 1.616562667221704852e-04 5.131351290726533989e+02 1.413416140592822103e+03
2.255311455447983893e-01 1.662036340293565715e-04 5.138579699926959847e+02 1.408907554658727122e+03
2.261044983192986024e-01 1.635928324690665285e-04 5.450802051090977329e+02 1.435356626580102557e+03
2.266764391923482558e-01 1.633405725221041252e-04 5.388156952917338458e+02 1.445331288997121874e+03
2.272439912709065535e-01 1.615019202796340032e-04 5.496519797701469088e+02 1.460576817624004434e+03
2.278139013664074730e-01 1.642265576716775367e-04 5.573590264553180305e+02 1.477939781949643475e+03
2.283832582380851683e-01 1.644072668745012169e-04 5.788338510200854898e+02 1.568718641126298735e+03
2.289524552911576527e-01 1.615693317475860782e-04 5.996358139376601457e+02 1.619070855795266198e+03
2.295202710331086249e-01 1.620251535722585557e-04 5.873464328416183662e+02 1.577921406430232082e+03
2.300871959093564456e-01 1.617623571457540521e-04 5.977291609292367411e+02 1.570353152649394133e+03
2.306618522546517724e-01 1.663902814675192251e-04 5.883071619407497792e+02 1.526592291565397545e+03
2.312318137134390383e-01 1.598658373667324602e-04 6.081597955611464386e+02 1.545641853792460324e+03
2.317962673566430487e-01 1.611564455396415031e-04 6.088048114545999852e+02 1.532720724915875735e+03
2.323703404124705107e-01 1.673400508577830800e-04 5.949614162253014911e+02 1.515710717523851145e+03
2.329439837692619253e-01 1.589836268098670775e-04 6.630940562573648549e+02 1.769963717143852136e+03
2.335114659298857254e-01 1.624810698556080517e-04 6.355675179159443360e+02 1.709626899935630718e+03
2.340784676117972363e-01 1.583079009982498592e-04 6.605745802554810098e+02 1.675522845929914638e+03
2.346440559314566243e-01 1.615761191585021023e-04 6.521893983060100481e+02 1.635269408093722632e+03
2.352162109946593083e-01 1.656428264518911594e-04 6.632208483663416700e+02 1.594353286164861174e+03
2.357866492788111279e-01 1.581699522230724426e-04 6.777081815221864645e+02 1.602450708928956374e+03
2.363520137839480451e-01 1.621030179496580389e-04 6.597740963141270640e+02 1.579214208615034067e+03
2.369224360570307275e-01 1.604043332801944081e-04 6.815823331473694680e+02 1.595185424174841955e+03
2.374956866610479778e-01 1.643549312237813195e-04 6.732607333402414724e+02 1.588943672519252004e+03
2.380662069967962868e-01 1.597833494416389124e-04 6.940291433438637796e+02 1.614296628393574565e+03
2.386333342379401146e-01 1.601441226718258531e-04 7.116862266767276424e+02 1.630868936709033051e+03
2.392017274271848459e-01 1.636248387732169699e-04 6.834911765576636071e+02 1.635675695144504061e+03
2.397723206654768513e-01 1.594821409681062901e-04 7.137925443450642433e+02 1.681301805931481567e+03
2.403405152238884124e-01 1.619867242100131162e-04 6.994685140724797066e+02 1.747146882531079882e+03
2.409082509926589455e-01 1.582889581020021947e-04 7.288325415646376086e+02 1.859773782976347320e+03
2.414770638640361955e-01 1.619142743813924254e-04 7.234035491900855277e+02 1.933509513666698695e+03
2.420490404189070133e-01 1.645065822004798835e-04 7.422922202232131212e+02 1.978310388919424895e+03
2.426219791374604196e-01 1.603270236661396165e-04 7.125778654041583877e+02 1.608518870718240805e+03
2.431897966558229096e-01 1.623466710052170819e-04 7.108712239876086869e+02 1.577762469846922158e+03
2.437585885338764968e-01 1.587824635672277886e-04 6.975263857590703083e+02 1.565800335458964355e+03
2.443321195397998580e-01 1.654770879452878267e-04 6.773609687963280521e+02 1.540804290209779992e+03
2.449019555344580934e-01 1.584190644835381404e-04 7.145083835548064144e+02 1.573515572818015926e+03
2.454698574006988765e-01 1.621617980766555645e-04 6.933177049033280355e+02 1.560172609683441124e+03
2.460386531152553014e-01 1.613210889576790553e-04 7.030198384281820836e+02 1.561176136575716555e+03
2.466069417875106362e-01 1.610054900742378991e-04 7.227425245676794248e+02 1.609098894685976120e+03
2.471787550499228714e-01 1.635064113768841662e-04 7.223894681293821805e+02 1.792822543957714288e+03
2.477462252975766166e-01 1.568873367544441856e-04 7.495490818406716471e+02 1.809720953703970508e+03
2.483158494997526333e-01 1.642325784829425333e-04 7.258500193263054143e+02 1.733574334247380420e+03
2.488887034463093118e-01 1.614011464833368893e-04 7.190127163834005160e+02 1.708720682476734055e+03
2.494559467225234972e-01 1.598927979916951769e-04 7.239274074145922668e+02 1.698801031677442097e+03
2.500256300781771301e-01 1.639148657314904052e-04 7.186993372810967458e+02 1.672879949073297894e+03
2.505960943971381472e-01 1.569585835189714882e-04 7.474675773163359054e+02 1.670826699208495029e+03
2.511642584457539074e-01 1.631625477977721034e-04 7.243197173777452917e+02 1.653633897293042764e+03
2.517365631181963104e-01 1.611795840423848041e-04 7.438975804138091235e+02 1.661506246345044474e+03
2.523076673776112888e-01 1.606759317076454315e-04 7.459977601077653162e+02 1.677891521032248420e+03
2.528733521987859834e-01 1.588408277452627308e-04 7.384463995903836349e+02 1.676845145778760752e+03
2.534399318170733606e-01 1.588063096425600704e-04 7.469044644282224681e+02 1.684147999566630915e+03
2.540097321790817375e-01 1.636898606690593075e-04 7.196612253423188577e+02 1.662252120743471096e+03
2.545834531816237867e-01 1.594613842870269064e-04 7.489866727474696972e+02 1.689999552570994410e+03
2.551542172749352577e-01 1.611213765007465048e-04 7.443617154238731928e+02 1.689599410792492336e+03
2.557234586881669824e-01 1.598786329377084733e-04 7.519429660887483351e+02 1.687899678510461854e+03
2.562940109038467362e-01 1.610105376700829947e-04 7.302281366533924256e+02 1.673128980166242172e+03
2.568601889624640422e-01 1.589817822732972612e-04 7.667074533866560841e+02 1.748605157281741867e+03
2.574224345593013052e-01 1.555507363267833864e-04 7.766460448968911123e+02 1.929409052643979066e+03
2.579918503988470335e-01 1.640288507504054894e-04 7.512195656045452097e+02 1.776958661576839631e+03
2.585670521595814231e-01 1.616809840819627387e-04 7.498843426646446915e+02 1.720259054595331463e+03
2.591400804310073913e-01 1.607799196151777634e-04 7.499199834193642573e+02 1.686826642932689310e+03
2.597058120692336547e-01 1.581738629764479294e-04 7.614815767611671617e+02 1.675508685918021229e+03
2.602720026653607688e-01 1.593761583555327612e-04 7.550630620153838208e+02 1.644274705451945465e+03
2.608430391980737784e-01 1.648035778763600866e-04 7.514119550321203178e+02 1.633293582461626556e+03
2.614127474899112236e-01 1.574078224920886571e-04 7.604030679070431233e+02 1.630100382304341792e+03
2.619822739811669132e-01 1.630623781216024206e-04 7.394549995728921203e+02 1.605241444420055814e+03
2.625523907249259770e-01 1.592330501488723577e-04 7.567130723585138412e+02 1.623250951928344648e+03
2.631209061685340633e-01 1.623623258957730838e-04 7.586641876577946277e+02 1.633668006728687487e+03
2.636915847485185593e-01 1.621968744211452500e-04 7.498355025168727934e+02 1.653420724351869922e+03
2.642596728218545854e-01 1.584509868928402380e-04 7.865503448097683759e+02 1.706984768811047843e+03
2.648265275477353353e-01 1.629230739420727729e-04 7.512300653190952744e+02 1.734784389328634006e+03
2.653992878217650841e-01 1.617840797429449080e-04 7.739491456784832053e+02 1.807336230717515946e+03
2.659688711807106087e-01 1.597957075905335946e-04 7.519697378768485123e+02 1.612370268072908175e+03
2.665357413565713207e-01 1.654105519172144355e-04 5.811435661870206104e+02 1.327409356620108383e+03
2.671080069537516422e-01 1.626701277106688489e-04 5.060187819515495562e+02 1.208897078404552303e+03
2.676768556070643901e-01 1.691801940646858466e-04 4.579956537434554207e+02 1.089464763020386954e+03
2.682493300541755610e-01 1.614220267119013139e-04 4.447999906736121147e+02 9.983511364713513103e+02
2.688177513807972763e-01 1.662996379824703617e-04 4.358606623612849376e+02 1.001163184500908415e+03
2.693851577249113949e-01 1.603863392897897778e-04 4.231682857007917278e+02 9.642168084718352929e+02
2.699589538042458381e-01 1.693590433343603269e-04 4.051888145714846701e+02 9.260325056133395947e+02
2.705341379607629770e-01 1.651212915366971612e-04 3.838803588595696965e+02 8.905529382200950295e+02
2.711011187788506249e-01 1.613591504621344759e-04 3.693845733278663488e+02 8.532266036750537523e+02
2.716634305998492649e-01 1.656227339408235428e-04 3.371488710378380915e+02 7.983080903691852654e+02
2.722363973262479364e-01 1.655325742006511381e-04 3.332343478048289853e+02 7.641114580505085314e+02
2.728100469150475105e-01 1.646080381434411035e-04 2.928282676796504234e+02 7.032083206915935989e+02
2.733737974913508229e-01 1.603812073584732687e-04 2.859291610703994024e+02 6.776953411491221004e+02
2.739450060752051663e-01 1.674346389119041735e-04 2.770236566035071633e+02 6.544853767550351904e+02
2.745190854421674653e-01 1.671958227816528961e-04 2.655078145013259245e+02 6.229328436359415946e+02
2.750860360129060433e-01 1.603928582067623066e-04 2.545350668863384556e+02 6.107936547626941319e+02
2.756531483706411434e-01 1.675800991109693957e-04 2.266030887538202307e+02 5.713183971170135464e+02
2.762191509196462724e-01 1.571580316994554676e-04 2.367568830557396211e+02 5.708121605943988470e+02
2.767946891449373781e-01 1.727807510246506546e-04 2.192016698735469902e+02 5.345059041246254310e+02
2.773728629459866202e-01 1.622121328489713643e-04 2.041539563183620487e+02 5.053686942895618586e+02
2.779371867597200674e-01 1.619258433042512649e-04 1.947803084022853852e+02 4.871827257895957928e+02
2.785030517972970077e-01 1.661461027007162493e-04 1.765695208341359148e+02 4.514899196986111178e+02
2.790701103365197389e-01 1.598624171474177726e-04 1.839868683397345421e+02 4.440004995325756454e+02
2.796369973446206081e-01 1.681679944273129737e-04 1.565315627807535179e+02 4.077599453359824224e+02
2.802122481591007297e-01 1.628783220825105727e-04 1.679932907206847972e+02 4.155623834883587620e+02
2.807814447325423513e-01 1.630021627206631790e-04 1.456403814969730774e+02 3.856067608420972306e+02
2.813507440450861430e-01 1.679084512411662376e-04 1.439160966894041849e+02 3.619566909447487433e+02
2.819294121784565732e-01 1.650414168698367942e-04 1.305322900090645248e+02 3.435686805096570993e+02
2.824933218105669663e-01 1.632625654587590907e-04 1.229363784300989835e+02 3.364241712568687603e+02
2.830558459602667276e-01 1.592328650061676694e-04 1.252452282282974068e+02 3.252467467788407589e+02
2.836299621051653896e-01 1.706053056541118539e-04 1.098725279801599157e+02 3.084493289834218217e+02
2.842019016406961973e-01 1.607653964444970458e-04 1.026646039091769893e+02 2.778047348432297667e+02
2.847735041085992513e-01 1.661736289433421595e-04 1.005126834107772424e+02 2.811788363928744729e+02
2.853383343842999520e-01 1.604106330407255158e-04 9.855880173952783707e+01 2.663798346969098816e+02
2.859001105270350673e-01 1.625281733591516322e-04 9.023011038034567832e+01 2.422681900504253463e+02
2.864773547108612206e-01 1.728053861564002552e-04 7.796284545518288667e+01 2.229672466777411159e+02
2.870490655843047079e-01 1.546686013184032232e-04 8.752344681070321997e+01 2.349071431232095506e+02
2.876156672774900502e-01 1.683300286879280193e-04 7.237216618816023583e+01 2.090102156365941255e+02
2.881893994962486105e-01 1.636140665573873913e-04 6.811406612778371539e+01 1.951952668832660152e+02
2.887620659783757815e-01 1.663229042124239002e-04 6.675048009344202171e+01 1.943652093728840669e+02
2.893287635119551893e-01 1.627586881204245084e-04 5.934091908003778570e+01 1.738741018628453219e+02
2.898858947905365024e-01 1.550493608221591374e-04 6.037264048925168680e+01 1.734323635402735420e+02
2.904555765409209123e-01 1.724965947962641452e-04 5.085148423280718077e+01 1.527683299102572221e+02
2.910346409359119146e-01 1.617892336113324462e-04 5.528346857339607112e+01 1.532352674054745592e+02
2.916068239384930760e-01 1.661801254064748212e-04 4.490723632970445323e+01 1.381524472298861497e+02
2.921678610368435569e-01 1.582529440533684130e-04 4.522068638429930587e+01 1.328272923522427220e+02
2.927412532944896340e-01 1.703052677914026493e-04 3.885841087935322946e+01 1.234351224400731439e+02
2.933161240604457154e-01 1.675421732219235565e-04 3.811841867319287047e+01 1.171571149334132542e+02
2.938833472442378691e-01 1.576043743378549751e-04 3.138530711568272125e+01 9.532683196284983751e+01
2.944489411806277546e-01 1.660621474689806542e-04 2.959400864840625900e+01 9.323097696619873886e+01
2.950217130627594830e-01 1.654412990181688720e-04 2.649882582929128461e+01 8.043605961339289934e+01
2.955999165491461911e-01 1.669006887487419497e-04 2.812507618876937698e+01 8.137250875792926763e+01
2.961615549408742054e-01 1.601135343258092690e-04 2.711926155712871633e+01 7.844405958008466939e+01
2.967214973067989758e-01 1.602885789962455278e-04 2.814201105972450279e+01 7.895843330758745537e+01
2.972949274341802894e-01 1.739944332637479189e-04 2.763588286145527206e+01 8.025471725837323334e+01
2.978707648711936828e-01 1.572046175802470412e-04 3.175465272134433548e+01 8.301336540922248730e+01
2.984421981126801349e-01 1.701360676824621048e-04 2.753022758276893001e+01 7.764592709365372514e+01
2.990137314468128138e-01 1.579647492053972053e-04 2.841558946099202032e+01 7.689712530829646653e+01
2.995833714450384933e-01 1.681549430373305743e-04 2.571199024481396123e+01 6.875117174046641821e+01
3.001536433559279238e-01 1.641505183805624663e-04 2.562120313406578731e+01 7.146071934008327275e+01
3.007089347660210077e-01 1.551596372855003141e-04 2.282417727025860898e+01 6.356279177175948547e+01
3.012781619116192688e-01 1.735028756491792444e-04 2.180838233894348477e+01 5.954814328446643401e+01
3.018574366694128930e-01 1.584019063096001934e-04 2.063504195070106206e+01 5.807048247943503583e+01
3.024289395504944911e-01 1.674491045462992594e-04 1.820264395839980054e+01 5.194194685929157629e+01
3.030018919725295246e-01 1.635036359586038764e-04 1.782757426741763496e+01 5.099158262121708418e+01
3.035751571684730532e-01 1.627876958212383135e-04 1.549746907582501088e+01 4.462733897259703042e+01
3.041375092294530957e-01 1.673103357467548024e-04 1.605823444162899705e+01 4.481523117324417171e+01
3.046978488124151285e-01 1.517223635811489882e-04 1.321907145794240002e+01 3.877932175845505469e+01
3.052631932666221570e-01 1.724018470987489257e-04 1.254121175580581848e+01 3.909463549185109343e+01
3.058414739766376900e-01 1.590727949740650224e-04 1.272295187107779846e+01 3.490797613499954366e+01
3.064183772367459757e-01 1.691559572752462026e-04 9.812086548829672239e+00 3.000946955443776076e+01
3.069836758021019518e-01 1.595980928806104825e-04 1.071353537532255373e+01 3.279957155535978330e+01
3.075567497921065652e-01 1.682744508754374852e-04 8.864464229806831241e+00 2.800398411356394135e+01
3.081247620241766572e-01 1.666271491155761988e-04 8.730115814283815112e+00 2.554346530518866842e+01
3.086829708641709025e-01 1.541644635526342219e-04 9.200617590612633734e+00 2.491985930448047171e+01
3.092557745607837916e-01 1.739702910918379606e-04 6.672964565963044770e+00 2.144843249308108568e+01
3.098277900971050380e-01 1.533823327789437271e-04 7.115400948034602102e+00 2.145923880386143523e+01
3.103945532978509281e-01 1.694975805675558969e-04 6.455857200285262998e+00 2.000511287620534162e+01
3.109692690402263149e-01 1.643931499725054257e-04 4.788239451315461359e+00 1.710540976001981051e+01
3.115349110407769628e-01 1.610900940311552217e-04 6.062644860974375938e+00 1.971290148223961936e+01
3.121047550230624523e-01 1.729490143196100733e-04 4.036655408502739739e+00 1.357962158710542333e+01
3.126758909169974898e-01 1.543615319769908278e-04 4.735452101817824833e+00 1.445078932705123442e+01
3.132460391927893717e-01 1.726740177362028538e-04 3.683568982071736109e+00 1.374313685275793162e+01
3.138253229428920599e-01 1.605978734071669646e-04 3.623135353435982253e+00 1.221791493543014084e+01
3.143962454508686388e-01 1.664329875547105285e-04 3.099265156981431346e+00 1.254366836296304299e+01
3.149627483159684882e-01 1.647989719551448305e-04 1.745367556295903011e+00 1.007969405411567010e+01
3.155301890138590415e-01 1.618028587292005751e-04 2.488327652296941750e+00 9.613595275105032201e+00
3.160934636760825422e-01 1.655712425406689902e-04 2.021604404599326887e+00 1.017541020784652517e+01
3.166595504206625167e-01 1.615108155492614417e-04 1.945003051740136657e+00 9.222746297059591924e+00
3.172387701267368465e-01 1.696685134913619687e-04 1.671356223853192491e+00 8.286182501721951255e+00
3.178134564614669144e-01 1.634266017480859475e-04 1.815283878968594555e+00 7.399672647486424282e+00
3.183784306782566076e-01 1.603191832837300656e-04 1.445593638786174528e+00 7.852812659593164213e+00
3.189483459721395575e-01 1.694854084949991464e-04 1.658966859520538462e+00 8.550593799321054789e+00
3.195211295545258845e-01 1.613391348088828964e-04 8.233694614564142089e-01 6.657044652512003502e+00
3.200844246979377417e-01 1.618637800067667418e-04 1.324878024550974587e+00 6.810028795436478433e+00
3.206501136664306473e-01 1.657406541711505671e-04 5.121524049884553786e-01 6.716397008564596760e+00
3.212223250359272919e-01 1.623303894959950264e-04 8.948431670343407474e-01 7.287016496364102203e+00
3.217907094521592626e-01 1.655950593048110511e-04 9.519163137746262660e-01 6.851047310671243729e+00
3.223629283479844121e-01 1.653864459903858493e-04 7.745928362240409593e-01 7.175757338688574904e+00
3.229316971520689861e-01 1.602085107869418042e-04 0.000000000000000000e+00 6.455627173947579678e+00
3.235036560838011055e-01 1.705803039664167172e-04 7.654401685434522040e-01 6.653319973266479614e+00
3.240743383243098186e-01 1.567218674250160312e-04 9.902655452138114933e-01 7.590635098461004482e+00
3.246360568149493364e-01 1.658510050207315874e-04 9.052525058388621870e-01 6.413928720947320805e+00
3.252035616082167846e-01 1.620691630931473954e-04 1.100052266968754022e+00 7.314035340539875918e+00
3.257734432214398068e-01 1.646655148928050246e-04 1.352668392704569345e-01 6.829182844970985933e+00
3.263451803590320388e-01 1.659577992820021532e-04 7.929725438093666590e-01 6.414011454330908357e+00
3.269081188959307438e-01 1.587951546267656966e-04 9.176105607237596828e-01 6.353892508527247962e+00
3.274791216153101758e-01 1.690721790378726453e-04 1.299387645555197146e+00 7.354136094445608229e+00
3.280517887336155680e-01 1.632555727679293122e-04 1.589475487110960428e+00 7.184512129078213682e+00
3.286213122964714017e-01 1.659015771476073033e-04 1.239682032497961384e+00 7.370006587787563568e+00
3.291919827540599752e-01 1.646076146698155799e-04 1.720347827298852161e+00 7.509986840451186474e+00
3.297669376550523279e-01 1.695879027850169508e-04 1.792141798432381083e+00 7.887143415077477293e+00
3.303385722168437622e-01 1.589889791576853148e-04 2.531434565859806529e+00 8.727987429298512012e+00
3.309096277886455217e-01 1.717444313284584789e-04 2.981931707112466245e+00 7.016409338115900063e+00
3.314868707140175563e-01 1.627443544213365571e-04 2.266987786500964219e+00 7.596628221163553185e+00
3.320550238145351662e-01 1.634323260297636281e-04 2.135407928792645293e+00 6.986331567044677726e+00
3.326145760864327450e-01 1.621203809574514837e-04 1.560576273094351096e+00 7.680833288127010938e+00
3.331768055610401791e-01 1.639129166349989955e-04 3.234848263643319122e+00 6.222314775562287181e+00
3.337494300413678117e-01 1.648638519366796328e-04 2.319067495099373488e+00 6.688740429164973023e+00
3.343196199196089569e-01 1.663637700280773727e-04 1.861661926444909687e+00 6.191990046886438392e+00
3.348876242395068537e-01 1.611683006042058603e-04 2.550722538965523256e+00 7.131180932818815599e+00
3.354600261782513804e-01 1.669532734623875396e-04 2.259238254420163017e+00 5.718979121239481600e+00
3.360297693195738455e-01 1.651634999870907556e-04 2.491832523665088228e+00 5.504090647002054304e+00
3.365959666193622524e-01 1.628129385391020390e-04 3.726727317351621327e+00 6.372684764768386856e+00
3.371687741209966616e-01 1.651729612492906926e-04 3.539053917057560561e+00 6.398529242770422343e+00
3.377348941050817843e-01 1.668915181576936574e-04 3.136951161941397892e+00 5.908151149048237016e+00
3.383002765121259081e-01 1.574138269744715867e-04 3.243456365011862186e+00 5.803049753768158681e+00
3.388693425931229575e-01 1.664701846962407744e-04 4.965262869066232376e+00 8.375285557117758017e+00
3.394438837371425155e-01 1.684089392122418245e-04 3.405129259825010024e+00 6.768793692183066923e+00
3.400286930615567527e-01 1.666123676310503408e-04 4.955868138252694344e+00 6.445282512556503640e+00
3.405936403509234878e-01 1.551971672240187153e-04 5.358993755033560014e+00 6.155079203389668407e+00
3.411378029607844975e-01 1.627733581688670236e-04 3.265493432949769126e+00 5.989834417034439973e+00
3.417035351013864575e-01 1.610024093152836403e-04 4.315455417823997664e+00 6.420393546130737761e+00
3.422710637925043264e-01 1.630304437482838484e-04 3.402391294980721792e+00 5.370702416299421245e+00
3.428599401353361054e-01 1.768514766568868172e-04 6.646875827431801831e+00 6.850443155633905157e+00
3.434354053084029967e-01 1.492681715833363331e-04 3.456316406047074352e+00 7.083784299369934701e+00
3.439944748104987737e-01 1.658416658077908586e-04 4.087412566857469898e+00 5.351819812796575704e+00
3.445860787803995406e-01 1.766346570300815217e-04 5.451246595036795206e+00 6.414269805898185517e+00
3.451337342098141914e-01 1.349649485745031837e-04 4.495320009065009614e+00 2.979093821953246124e+00
3.457362390619622694e-01 1.898164454998164941e-04 4.688982431328152067e+00 4.795831523312719114e+00
