# q qerr q^{ 0.25 }*I(q) q^{ 0.25 }*I(q)err
5.674929039305736831e-04 2.844972107948976880e-04 2.323314782566991141e+02 1.310641997425788986e+03
1.148899370130779425e-03 1.593506736090453848e-04 4.373084829022187705e+02 9.797595580889561688e+02
1.690528571858088179e-03 1.607778195237353277e-04 5.774103605803597929e+02 1.215224777256972857e+03
2.241866674943214510e-03 1.624380793292098057e-04 4.420937180118894503e+02 1.212611695886197367e+03
2.823089956553034678e-03 1.787958159578247833e-04 5.700780760296865992e+02 1.149508757217669199e+03
3.397691792008107527e-03 1.654200107260591994e-04 4.077229787534625984e+02 1.614999438925063259e+03
3.955905906185787878e-03 1.581242633162599563e-04 7.084889343066182619e+02 2.313378447236001648e+03
4.519315497203105388e-03 1.683468328344326747e-04 7.863400590417647891e+02 4.509919580528832739e+03
5.094624480167554877e-03 1.662435421534576264e-04 8.247059275495087149e+02 3.394677357888104780e+03
5.671667658710049208e-03 1.752760759842015225e-04 7.621174141612871153e+02 2.639664531963975605e+03
6.229435306002196852e-03 1.566941657328803285e-04 7.920778089045359138e+02 2.518079825043480469e+03
6.818425326918784932e-03 1.698659042947616045e-04 8.755879435893796199e+02 3.392950491629275803e+03
7.392546870843330446e-03 1.666475300425771769e-04 9.972485009085706906e+02 3.636700634899234046e+03
7.958735922135976720e-03 1.616219573196543788e-04 1.108607108046554686e+03 3.134224628310813841e+03
8.523351536763364850e-03 1.651414567132583546e-04 9.271238614155665800e+02 2.756877655526505805e+03
9.082177839432660840e-03 1.612368320144011544e-04 9.724810077027188981e+02 2.435247872132117209e+03
9.653289543242585258e-03 1.734477465576669993e-04 1.169374907598286200e+03 2.468983298753519193e+03
1.022632910579091697e-02 1.656498643276444491e-04 1.086624162762912420e+03 2.185812383899018187e+03
1.079378886745451134e-02 1.666241285096857038e-04 1.055328201502432194e+03 2.426265168301764788e+03
1.136322232886073993e-02 1.657395509400995924e-04 1.071001177914160053e+03 2.189343139515646271e+03
1.192487803400927096e-02 1.598068237739880368e-04 1.146739688274900800e+03 2.663266957031532911e+03
1.250107846052310803e-02 1.758130933935119508e-04 1.044904560194890337e+03 2.310275456372492044e+03
1.308013446480046395e-02 1.632003798560462853e-04 1.021819365746645872e+03 2.572369425971602141e+03
1.364529727767590378e-02 1.636500483111470142e-04 1.267921086708590792e+03 2.630489863510293617e+03
1.420711257824900688e-02 1.632274629034310010e-04 1.339571329098112528e+03 2.655596546950337142e+03
1.477622771744476447e-02 1.660652488222497678e-04 1.101892845646934347e+03 2.582012635390785363e+03
1.535205590902211266e-02 1.691173193363761497e-04 1.106912686406187731e+03 2.292986956946642749e+03
1.592141408496132449e-02 1.606268769112478021e-04 1.116646391299010702e+03 2.140940611841314876e+03
1.648727759634203288e-02 1.683231996598719767e-04 1.142732324837396391e+03 2.313854788731099234e+03
1.705712208282728418e-02 1.663414770258688099e-04 1.015624063506683910e+03 2.502369795528386931e+03
1.763195912570766563e-02 1.635018512689289153e-04 1.069418807573533059e+03 2.001693689762876147e+03
1.819607168035014197e-02 1.684424408021118911e-04 1.077298733430385255e+03 2.058773975863161468e+03
1.875870703073690554e-02 1.582377186662897641e-04 1.051392711546247710e+03 2.207244020101337355e+03
1.932677667244641836e-02 1.651583032282129043e-04 1.026655255438894528e+03 2.565497019861465560e+03
1.990329311346715827e-02 1.671760846201205894e-04 1.120180412881099528e+03 2.285134714553282720e+03
2.048092620250665727e-02 1.603971381583346560e-04 1.193566286023902421e+03 2.140850543499267587e+03
2.104464476282554355e-02 1.602337383903214025e-04 1.111445088427004976e+03 2.037507740680592178e+03
2.161114527896519297e-02 1.607033082626155708e-04 1.072935932757354067e+03 2.055631207740144873e+03
2.218133410754839774e-02 1.655552938162110899e-04 1.156149733461587630e+03 2.098046536993361315e+03
2.275185259835647150e-02 1.618820481130585603e-04 1.150658581494340751e+03 2.063425964511778147e+03
2.332495775814624403e-02 1.642487956110087733e-04 1.081370978514868284e+03 2.045994826667458028e+03
2.389088285140539628e-02 1.577065762391947857e-04 1.136572171157863977e+03 1.984991287363711081e+03
2.445923729321806961e-02 1.652478754713913303e-04 1.156302440307507368e+03 1.968037933887228291e+03
2.503496178947177062e-02 1.651494830160459568e-04 1.185292019522450801e+03 2.177660146966172306e+03
2.559778794607868793e-02 1.552884428917792757e-04 1.153289125519731442e+03 2.607558979483898383e+03
2.616085406419820653e-02 1.634993579041898472e-04 1.180205271534103076e+03 2.294549095091671916e+03
2.673466598694612326e-02 1.659473723571959416e-04 1.329054887332924636e+03 2.391464356078031869e+03
2.731115693516828272e-02 1.632758392516604881e-04 1.232542720956713993e+03 2.204162268679440331e+03
2.788118685142516526e-02 1.621574962242474424e-04 1.170217847301745905e+03 2.187372205614565701e+03
2.844334218658856744e-02 1.575568508801520565e-04 1.336974085256133321e+03 2.275925635309310110e+03
2.901128934261586884e-02 1.666863616080674739e-04 1.280434562653258126e+03 2.157649513724733424e+03
2.958334755515614270e-02 1.636364590833695352e-04 1.206493149191072234e+03 2.167195645914021497e+03
3.016005481025983703e-02 1.663033300384563862e-04 1.247383321797481130e+03 2.143901996414278983e+03
3.073541670121657243e-02 1.610394776267720098e-04 1.354440196387053220e+03 2.377635124301039468e+03
3.130202113967314043e-02 1.601611386835888914e-04 1.321606617232788267e+03 2.258929967703579678e+03
3.187829616083302092e-02 1.617314655979870588e-04 1.333786956484207167e+03 2.679072372487325993e+03
3.243116544564791232e-02 1.538608760869338953e-04 1.351079470492428072e+03 2.292785919396451391e+03
3.299216766677993268e-02 1.611233124514211226e-04 1.197983050844046829e+03 2.237623656759760706e+03
3.356736398329099313e-02 1.663454620882158432e-04 1.173851820974483189e+03 2.192221356525913961e+03
3.414402660727465511e-02 1.640382449361125745e-04 1.173282757421803808e+03 2.635464097100168146e+03
3.471130967831000808e-02 1.630032768676974132e-04 1.207032359032685463e+03 3.249828771640655759e+03
3.527735698771047868e-02 1.586001804608078701e-04 1.151945582464038125e+03 2.970174130551184135e+03
3.584212235715712042e-02 1.639966754556168333e-04 1.111041918091125353e+03 2.689098902174498107e+03
3.641360588793606662e-02 1.657583269312397649e-04 1.102708819317838788e+03 2.548502362011026435e+03
3.699204988164981472e-02 1.675000753634397783e-04 1.005663872789126685e+03 2.313472478524196504e+03
3.756614079521862493e-02 1.629487981199718039e-04 1.043319085197109189e+03 2.326186640150038329e+03
3.813173457968466878e-02 1.601709563038417852e-04 1.005636119307565423e+03 2.326975729323290125e+03
3.870123861937398851e-02 1.665320094485753287e-04 9.798840782978030575e+02 2.454567200898050942e+03
3.927038477907367903e-02 1.595739901444135473e-04 9.866207615782872153e+02 2.619794221023733371e+03
3.983223020581289769e-02 1.600525917385948560e-04 9.588371895605763484e+02 2.774325620155985689e+03
4.040319254749303451e-02 1.629847608929755492e-04 9.767048965173135002e+02 2.937720017664008083e+03
4.097847983742942957e-02 1.637423276387615315e-04 1.023723408268118988e+03 2.143233178079627578e+03
4.154845757908610243e-02 1.632858927968540170e-04 1.088253441109313599e+03 2.167302844119367819e+03
4.211096617867943898e-02 1.591954733700759082e-04 1.002719881988736120e+03 2.147197483119930894e+03
4.267479996429063283e-02 1.626922294717144508e-04 1.032589170909810036e+03 1.758575986632650256e+03
4.324894861578967853e-02 1.648791604420656303e-04 1.073529474748831490e+03 1.811070101896887536e+03
4.382259982426141981e-02 1.648119453955710235e-04 1.110617926896853760e+03 2.136902234126099302e+03
4.439684817608391398e-02 1.657857907598298485e-04 1.061987094265923815e+03 2.105686253437401319e+03
4.496810105634749255e-02 1.605461979391622574e-04 1.099134849155792153e+03 2.030945418669074115e+03
4.554171224836644355e-02 1.614682433042145099e-04 1.107079560132953020e+03 2.062370996400811237e+03
4.610155748578476098e-02 1.611681308731387956e-04 1.134201378747395893e+03 1.993702011116247149e+03
4.666878268161533255e-02 1.633706314247453106e-04 1.065816674933480499e+03 2.047679943982444911e+03
4.724179112493420707e-02 1.640064362845387305e-04 1.159168260327991902e+03 2.041366130035663673e+03
4.781485863682106985e-02 1.603970986623863418e-04 1.196905003693825165e+03 2.061286475090400018e+03
4.838090364323261588e-02 1.627767526220613541e-04 1.121718577362115866e+03 2.077640405624014875e+03
4.894660559372156217e-02 1.600077588688515891e-04 1.147236330803293413e+03 2.120067470354419129e+03
4.951392975822679204e-02 1.634972655076515600e-04 1.171154878554555808e+03 2.206377642406211635e+03
5.008115425656571584e-02 1.603631424906807766e-04 1.181819376241307509e+03 2.017625223618794053e+03
5.065256697268687158e-02 1.664439466334601014e-04 1.126621829309539635e+03 2.006583687894528566e+03
5.123133419340119427e-02 1.667486900368933577e-04 1.153990695703908386e+03 1.933425869167751216e+03
5.180421108800337127e-02 1.611095602893855170e-04 1.191289520344863377e+03 1.928360899356262053e+03
5.236713679473175426e-02 1.603377452188200906e-04 1.172363969737240950e+03 1.968120271070184117e+03
5.293154350511707074e-02 1.605256493091678871e-04 1.115884925308748961e+03 2.047956464524736930e+03
5.350294899456310010e-02 1.654539019890845816e-04 1.146490324435413413e+03 1.999153829179659624e+03
5.407783127769403425e-02 1.644366395932839436e-04 1.213813777614564970e+03 1.984040961041508353e+03
5.464518700993563349e-02 1.590918667890646085e-04 1.139918486560343354e+03 1.986343217620475798e+03
5.521180254731322679e-02 1.639690274967515408e-04 1.143861189116149035e+03 2.056053612896079358e+03
5.578118974576895539e-02 1.623934658103401852e-04 1.236224111545911001e+03 2.312539584257347087e+03
5.635204012334044110e-02 1.654459582011890610e-04 1.202090692275495030e+03 2.168216722340424440e+03
5.692194091187841726e-02 1.625987328923687999e-04 1.188159139893894690e+03 2.234924650251492949e+03
5.749478002898722462e-02 1.655984877751828300e-04 1.214979422096546386e+03 2.331028224736052380e+03
5.806930997482655232e-02 1.655746571821645468e-04 1.258848247422726899e+03 2.121763395388628396e+03
5.863764960575895691e-02 1.619312658378289417e-04 1.223831905054402341e+03 2.002415735637367789e+03
5.920538301250988927e-02 1.643971387980548010e-04 1.125693730169625951e+03 1.959592716603899134e+03
5.977124795561390702e-02 1.608666510810117102e-04 1.189315866643226173e+03 1.813437570018506904e+03
6.033874205823501480e-02 1.647868771213089787e-04 1.204928450770453310e+03 1.758845902178935830e+03
6.091325274162821130e-02 1.670864426803059786e-04 1.152488187694861381e+03 1.721604557267052087e+03
6.148502541354739642e-02 1.622556436834592466e-04 1.152088122872467920e+03 1.971053371623285784e+03
6.205189136096481151e-02 1.633157011047392103e-04 1.200505457329675210e+03 1.914919816793872769e+03
6.261854057389056039e-02 1.632174873325562328e-04 1.220121551798935343e+03 1.926833136638821088e+03
6.318914383441272264e-02 1.653760971298145642e-04 1.165983850144142252e+03 1.938226755692708593e+03
6.376023449301351786e-02 1.639035598801139970e-04 1.179716273652939662e+03 1.960423521148544296e+03
6.432803307533360715e-02 1.621645700903011529e-04 1.244000677804189763e+03 1.851803313744719389e+03
6.489856998451654091e-02 1.669862521714594579e-04 1.193638614254227377e+03 1.731725158849508261e+03
6.547274804449723651e-02 1.640885159182881579e-04 1.137252878116300508e+03 1.791901283513691396e+03
6.604180489849272029e-02 1.646639673704165785e-04 1.172006152068948040e+03 1.745942936281188167e+03
6.660623119719892571e-02 1.592929675731703267e-04 1.174951427587198395e+03 1.774326490213910574e+03
6.717024245245407921e-02 1.633539662043708850e-04 1.181518915881605153e+03 1.833864131826316907e+03
6.774389482141124352e-02 1.675576388295976283e-04 1.098263260731317814e+03 1.942819323131546753e+03
6.831826847514600731e-02 1.637923581578484378e-04 1.173381614762676691e+03 1.940365530130297884e+03
6.888705730474702082e-02 1.652744253581401798e-04 1.208471217298428201e+03 2.037073343809164498e+03
6.945542383473701786e-02 1.629104493176388108e-04 1.146425431074666221e+03 1.991601118951281023e+03
7.002342773589911862e-02 1.648151485242108744e-04 1.145507663840852729e+03 1.835237521473169409e+03
7.059366999044673630e-02 1.662550227318501748e-04 1.174358072120267934e+03 1.999089787188108858e+03
7.116506368401853688e-02 1.625838995224176237e-04 1.159636547534724741e+03 2.043866161553015672e+03
7.173435402599639965e-02 1.652084184602575149e-04 1.110379962662198295e+03 1.970765722906129895e+03
7.230413345010822113e-02 1.637183997182977205e-04 1.095063425473964116e+03 1.495563776207433193e+03
7.287535309411086182e-02 1.672417923450074428e-04 1.115896756712588967e+03 1.458220942588316802e+03
7.344264351459812989e-02 1.615107883662340199e-04 1.083784121005335237e+03 1.467161131954325811e+03
7.400874308516815214e-02 1.643358076012312692e-04 1.055136892753776920e+03 1.512952964672818780e+03
7.458027476342153628e-02 1.675440758529865104e-04 1.097072570842688492e+03 1.453253616679948891e+03
7.515360206925635056e-02 1.659007866472888876e-04 1.124010659003458386e+03 1.460399745760649466e+03
7.572653043280640206e-02 1.667703897627628403e-04 1.062750610811299111e+03 1.472037136853980428e+03
7.629257439157649534e-02 1.613026437962709273e-04 1.081527642619981179e+03 1.465847534846524923e+03
7.685854794482006869e-02 1.655132643693588959e-04 1.122682526546772579e+03 1.463969034879534092e+03
7.743095484667150696e-02 1.663188505340156562e-04 1.101990456391011548e+03 1.599811135807618030e+03
7.800307387325174091e-02 1.646088130976341784e-04 1.108371833142314927e+03 1.947266220719767716e+03
7.857285937600359815e-02 1.642827697957887148e-04 1.116731174554632844e+03 1.780997446843847683e+03
7.914030433697126499e-02 1.644038741673722285e-04 1.118597398785371524e+03 1.702322478078135418e+03
7.971363909789573599e-02 1.686246663258572599e-04 1.084658582165903226e+03 1.658093196761349418e+03
8.028336742288347261e-02 1.630175830377963476e-04 1.077786876705592476e+03 1.720119151914230542e+03
8.084657461908631437e-02 1.624830525152602299e-04 1.114713856692371564e+03 1.711675750283870457e+03
8.141576836553932051e-02 1.669327409291318032e-04 1.117851011484617857e+03 1.673617402746901007e+03
8.198999899294683036e-02 1.665678872732673699e-04 1.088833921628245662e+03 1.755314546233525789e+03
8.256291600642022555e-02 1.667742795597147189e-04 1.103628646479913414e+03 1.921477774335135337e+03
8.313017350722522181e-02 1.622220755033760729e-04 1.125271092474805528e+03 1.828230155449321501e+03
8.369804984259203440e-02 1.664688827049269940e-04 1.107089068522339630e+03 1.730494136173425431e+03
8.427145695211719911e-02 1.665250916999540221e-04 1.082331038634004017e+03 1.703729256718321039e+03
8.484322389617167393e-02 1.637586992165824878e-04 1.088281399861604541e+03 1.656473395358003472e+03
8.541128619399389332e-02 1.638398048391557582e-04 1.103524537618217664e+03 1.644378306486384872e+03
8.597509273105490013e-02 1.644107441723988399e-04 1.063051228256358172e+03 1.605080042026451792e+03
8.654469928656065292e-02 1.672242711847612485e-04 1.000827979227368473e+03 1.516913936901620900e+03
8.711602704802673403e-02 1.664756484490882563e-04 1.022548233136652811e+03 1.470242037563571330e+03
8.768297517393514040e-02 1.629738329798275699e-04 1.008235172787746023e+03 1.499465460018222302e+03
8.825290032547439267e-02 1.677753802148126223e-04 9.821384892858039848e+02 1.515986728611461331e+03
8.882728963116363896e-02 1.660840529133248355e-04 9.614396983426197494e+02 1.553498889159386408e+03
8.939873099459381967e-02 1.674600101650153944e-04 9.842144820816615720e+02 1.574341567135449395e+03
8.996574992076772359e-02 1.625954485546293369e-04 9.865806348833364154e+02 1.545293357124940258e+03
9.052975174956454096e-02 1.641884755214948822e-04 9.364138287709035922e+02 1.426462455394501148e+03
9.109728160029302579e-02 1.665878210071322293e-04 9.512933876627591872e+02 1.480126117905760566e+03
9.167360308611512132e-02 1.691673024739786862e-04 9.436394510878027404e+02 1.522467106256631951e+03
9.224630046812692941e-02 1.661180387969159406e-04 9.348325364865878555e+02 1.655374930466711248e+03
9.280964568107687163e-02 1.622004669329406214e-04 9.265506313231762761e+02 1.463528147890629953e+03
9.337787253947693600e-02 1.693425656590344841e-04 9.322704549884568905e+02 1.251935093301881125e+03
9.395095418203168458e-02 1.671756127807440728e-04 9.366708953954006347e+02 1.219945153047507574e+03
9.452173027257999849e-02 1.664324071683900906e-04 8.966654962400879185e+02 1.222349161156175342e+03
9.509326738515321009e-02 1.669069438581976313e-04 8.746282640973548723e+02 1.215389612965695278e+03
9.566272265491507221e-02 1.645312906553754331e-04 9.177193398879430788e+02 1.205693905992465716e+03
9.623155192590433782e-02 1.679894106670357307e-04 8.972990194946721658e+02 1.190564927812823953e+03
9.680127410679029154e-02 1.658827779818066437e-04 8.545921830939554411e+02 1.219376857371515825e+03
9.736705924256724987e-02 1.641594083169862182e-04 8.742880443375290724e+02 1.169530259610261055e+03
9.793397891459672266e-02 1.671298929232743204e-04 8.849895749709679649e+02 1.168048975029038957e+03
9.850609229929045696e-02 1.670469061983355678e-04 8.904169156494432400e+02 1.251153153946701650e+03
9.907763528137655817e-02 1.686261721501068134e-04 8.614840845898452244e+02 1.499496069789298417e+03
9.964620103317545219e-02 1.646969559683391672e-04 8.761030893270919933e+02 1.654558488771519706e+03
1.002153546806325707e-01 1.683661006222900484e-04 8.976021501331496211e+02 1.531966788586742496e+03
1.007852801008298216e-01 1.662213748647504671e-04 8.668949446745519936e+02 1.495571118838991197e+03
1.013566836402035737e-01 1.686156360751308778e-04 8.415791530333525543e+02 1.466556531628087214e+03
1.019292104740007615e-01 1.675656292710030074e-04 8.627127474605805446e+02 1.388946396093978819e+03
1.024979026966999635e-01 1.641718659939537769e-04 8.563110618824932772e+02 1.377415215364409278e+03
1.030626501369650422e-01 1.662647002628721900e-04 8.579719091578632515e+02 1.395455025479867118e+03
1.036325615768987768e-01 1.677506288003891564e-04 8.373254915739383932e+02 1.349123669425166554e+03
1.042015450127809773e-01 1.651266135071514983e-04 8.447875548582072724e+02 1.356404275999607762e+03
1.047667552694281357e-01 1.657590553678264496e-04 8.350132541178572865e+02 1.347825918727318140e+03
1.053386952436592555e-01 1.679619864400426596e-04 8.111672852484811074e+02 1.357779108741680602e+03
1.059134139977540023e-01 1.698437360931091887e-04 8.280682173682328084e+02 1.336850361195774440e+03
1.064843746813403103e-01 1.658628055845030955e-04 8.333653898201976062e+02 1.334059724151166620e+03
1.070507481145438894e-01 1.666854284079099168e-04 8.306805115494346410e+02 1.653243697509296226e+03
1.076185747185142566e-01 1.663538982367525809e-04 8.298091125866534412e+02 1.698840582489276812e+03
1.081928030631775922e-01 1.695974762735689327e-04 8.321129982281944422e+02 1.565784502454988569e+03
1.087656902841804690e-01 1.673207808882646859e-04 8.216329740967889848e+02 1.501578728042112289e+03
1.093349095435287022e-01 1.650571071372068503e-04 8.100587223796662784e+02 1.454844164773670855e+03
1.098998968859329073e-01 1.653922135491046874e-04 8.112077563512362985e+02 1.428998944472268022e+03
1.104650792777204099e-01 1.660613932100028149e-04 8.189142073530643984e+02 1.394501210308140799e+03
1.110347550091190794e-01 1.673984014251322830e-04 7.962229278282978839e+02 1.398741816020308079e+03
1.116043978296737960e-01 1.663457032548090492e-04 7.884764303571190567e+02 1.397199765423065855e+03
1.121764550297892488e-01 1.669280685209542355e-04 8.003370377434398506e+02 1.413393444237594167e+03
1.127477509647829418e-01 1.677883198256345770e-04 7.965029936205222612e+02 1.378995899979215665e+03
1.133181386605659896e-01 1.666877358686726356e-04 7.666699038741377308e+02 1.428284050167507075e+03
1.138869733692361025e-01 1.670691570130550599e-04 7.763255330497881914e+02 1.545771803024913424e+03
1.144538206711315093e-01 1.650528883812137581e-04 7.811513553577225366e+02 1.667313633749570499e+03
1.150232504477800843e-01 1.671433673353676854e-04 7.855398043043692269e+02 1.782158126647122799e+03
1.155958424109956584e-01 1.687782241412863851e-04 7.737656784149885425e+02 1.939750895563364111e+03
1.161669362318749760e-01 1.656345389695187075e-04 7.280440164799805416e+02 1.420346172204294135e+03
1.167358579269463237e-01 1.669853113379273098e-04 7.525950915121459275e+02 1.450814388126912490e+03
1.172994812905418655e-01 1.633453369740070905e-04 7.283851547126278092e+02 1.448867470374888853e+03
1.178693415747435191e-01 1.706918281686270423e-04 6.995205033517345328e+02 1.211766874470935136e+03
1.184423166348663042e-01 1.666414775224065239e-04 6.995761672184248710e+02 1.188864256293833250e+03
1.190110709128645028e-01 1.663638367743462579e-04 6.988483255441484516e+02 1.207942899460420222e+03
1.195822249089615874e-01 1.690654876044900778e-04 6.853530411764883183e+02 1.208877143595771031e+03
1.201515384530931901e-01 1.657107326412885493e-04 6.917808284605540621e+02 1.243414565251622662e+03
1.207203070100967696e-01 1.697824037341870277e-04 6.908511032157676937e+02 1.235021795782400432e+03
1.212893789497967584e-01 1.645062745128841582e-04 6.967054568959064227e+02 1.277122606384112942e+03
1.218587344954810692e-01 1.687185729514112430e-04 6.801395046329078014e+02 1.297710803492325795e+03
1.224315422479737431e-01 1.684325549898935766e-04 6.798082658843676427e+02 1.312126080256273781e+03
1.230031024688151564e-01 1.674450188982372031e-04 6.836911918707461382e+02 1.341827265111631959e+03
1.235692064971041920e-01 1.654858851603093807e-04 6.829839360950294349e+02 1.376208033847885645e+03
1.241357044177045510e-01 1.659720870508394534e-04 6.821444891379087494e+02 1.417539176380437311e+03
1.247039465535192820e-01 1.683986322162994633e-04 6.930451890593235476e+02 1.450336358890872816e+03
1.252755795320700805e-01 1.683907220206874657e-04 6.790178642320863673e+02 1.504568168244947628e+03
1.258487906085339059e-01 1.686700705794193938e-04 6.825009085805698987e+02 1.548766096153537092e+03
1.264159571190660580e-01 1.652179277049539003e-04 6.757196809297261098e+02 1.600050874283992698e+03
1.269828884650241185e-01 1.682275158853999782e-04 6.835772368454372554e+02 1.472601880274284895e+03
1.275536975897068048e-01 1.699945217756056311e-04 6.617573827265609907e+02 1.358249381082452828e+03
1.281224854220955056e-01 1.651307540114785929e-04 6.410693516413981570e+02 1.337118043774825992e+03
1.286933529498555107e-01 1.701343314661988432e-04 6.361191398837077031e+02 1.333320420250400957e+03
1.292655480483474451e-01 1.676067768868043666e-04 6.471508596506196227e+02 1.404049711179936367e+03
1.298381320364055402e-01 1.698502307153819477e-04 6.240516607375099056e+02 1.433977014761950386e+03
1.304065004643886472e-01 1.662590713957073614e-04 6.560388152166776763e+02 1.727988568700156520e+03
1.309696647492289701e-01 1.648775306060591586e-04 6.570747696164743274e+02 2.009363204831108305e+03
1.315373451465835508e-01 1.689828297922074424e-04 6.575361212994282596e+02 1.865117591263637223e+03
1.321104548825929870e-01 1.692437791566149248e-04 6.448337617860952378e+02 1.770029453121357392e+03
1.326857375154495422e-01 1.701412893773342791e-04 6.176958283372881624e+02 1.663188628653598926e+03
1.332532105105006526e-01 1.644569666538046621e-04 6.226688541935083094e+02 1.631718064028924346e+03
1.338169159059840463e-01 1.669349164154969388e-04 6.191078085413601002e+02 1.557811146623225568e+03
1.343878521917558355e-01 1.710989809362133140e-04 5.869243951550606653e+02 1.462299199878335912e+03
1.349603519234164606e-01 1.669359809471280241e-04 5.968713189776024137e+02 1.448361165480096588e+03
1.355290305791368166e-01 1.681850279728993908e-04 6.037916064827985565e+02 1.419499928391869844e+03
1.360973837558105970e-01 1.672720190942342982e-04 6.056644634835215584e+02 1.418099747364898121e+03
1.366702481526201884e-01 1.708447662465230929e-04 6.055004484713753072e+02 1.430515476049635481e+03
1.372430315571489257e-01 1.691354598733625886e-04 5.905887621140052488e+02 1.431447526848646021e+03
1.378108023738988663e-01 1.655095118276463367e-04 5.990431089675200838e+02 1.456481183654415872e+03
1.383775771841717073e-01 1.688697319054608108e-04 5.963609450275796462e+02 1.464131448256610156e+03
1.389475494428869251e-01 1.678488202031736996e-04 5.958588158731308795e+02 1.529929325467192939e+03
1.395212707222466542e-01 1.706686089865116498e-04 5.977110031482865224e+02 1.574332132475320805e+03
1.400889121513610169e-01 1.642552252938431841e-04 5.830364723148760504e+02 1.406931330813640898e+03
1.406549225596408492e-01 1.677068842031393325e-04 5.665038024297859920e+02 1.334224797189589481e+03
1.412248346533533649e-01 1.690116372437921836e-04 5.583352958486306079e+02 1.320733400918405778e+03
1.417941068254391923e-01 1.670093111184721305e-04 5.624772542124261463e+02 1.329237873220544998e+03
1.423656355559977105e-01 1.701113259151621523e-04 5.635434636854546397e+02 1.341732611165239859e+03
1.429379426548450516e-01 1.680137101872804901e-04 5.724590318973238254e+02 1.408383785189494574e+03
1.435073798773808806e-01 1.680731226947347449e-04 5.730146462629703592e+02 1.452538622508697927e+03
1.440771818883720135e-01 1.700547988868273460e-04 5.749998733780748807e+02 1.512955072690138422e+03
1.446462814315041256e-01 1.656083218657698264e-04 5.624727022895194750e+02 1.606582967152591891e+03
1.452125052555256202e-01 1.684844368229841379e-04 5.761580012037842380e+02 1.650093370934772111e+03
1.457839388954616788e-01 1.683948538788424302e-04 5.735646039301699375e+02 1.714404128845159221e+03
1.463565998042226923e-01 1.696091316128981602e-04 5.419386151338155742e+02 1.275658822931557097e+03
1.469262515022519144e-01 1.678401351863458880e-04 5.475986033272628219e+02 1.266497842932833692e+03
1.474939603756106055e-01 1.662361282026037781e-04 5.304046468780743453e+02 1.252468882936714181e+03
1.480599603203204828e-01 1.689692884581891531e-04 5.351862138043354662e+02 1.268685518454192788e+03
1.486327115689581868e-01 1.699906230327237369e-04 5.406925275795871357e+02 1.255218203371536674e+03
1.492081352424435847e-01 1.705464038084299888e-04 5.272795273321738705e+02 1.255536653436080996e+03
1.497757709243307811e-01 1.650550262190966344e-04 5.315393057923483866e+02 1.255799138564696250e+03
1.503440440185784821e-01 1.697700114005154016e-04 5.312604823582342988e+02 1.245565083327407820e+03
1.509165958312842226e-01 1.699682166885640609e-04 5.170811070462284533e+02 1.240291508437286211e+03
1.514833720283045582e-01 1.659668407878710781e-04 5.164599819076673839e+02 1.253238024806624026e+03
1.520535874762121153e-01 1.717455855130118302e-04 5.221144294678734923e+02 1.259371758927591372e+03
1.526244657128841553e-01 1.657301816656426262e-04 5.270273985370376977e+02 1.267512007001845632e+03
1.531944048177990569e-01 1.713997825808457514e-04 5.128467288509508535e+02 1.252842898008481825e+03
1.537674057112714543e-01 1.683184361717697194e-04 5.094878673693009432e+02 1.264487814507745952e+03
1.543362110005573606e-01 1.672940019100741915e-04 5.193559160627856954e+02 1.297140524542967114e+03
1.549035637416945888e-01 1.683704996117138595e-04 5.297720292344337167e+02 1.426997602280434421e+03
1.554722463860159776e-01 1.679966869967229463e-04 5.237905706930624774e+02 1.408600828594147970e+03
1.560459900208626682e-01 1.721912382081908352e-04 5.114690947426167895e+02 1.345600417549759186e+03
1.566169656076583372e-01 1.644351779286681305e-04 5.221801502846598169e+02 1.348714130752136498e+03
1.571832626482055628e-01 1.687377649035877556e-04 5.377733046778527068e+02 1.531700199053503866e+03
1.577529731736015683e-01 1.685032013314121226e-04 5.307661468115506977e+02 1.639069824341784624e+03
1.583220903444891303e-01 1.683163842921365030e-04 5.309424766554594726e+02 1.542924274980079645e+03
1.588898426236498296e-01 1.680831093395561773e-04 5.208888494591898279e+02 1.475666515540689261e+03
1.594604050133666684e-01 1.681961490325961466e-04 5.269755356637920158e+02 1.438781272626645432e+03
1.600333507585789128e-01 1.699292061477151691e-04 5.278179050182367291e+02 1.407747520042574024e+03
1.606039751785176550e-01 1.676014211195516617e-04 5.241313397247687362e+02 1.394447721326700503e+03
1.611733306027465507e-01 1.674719191452298808e-04 5.129329391982802235e+02 1.380648821382472079e+03
1.617399428297464081e-01 1.670147894377376440e-04 5.100283971585805034e+02 1.370094945298174025e+03
1.623094165412102274e-01 1.685486181051048323e-04 5.186339049887685633e+02 1.400903276666864485e+03
1.628816146816564336e-01 1.697331187471751341e-04 5.202817171820806834e+02 1.426968612622662704e+03
1.634521907192554857e-01 1.667365662967356169e-04 5.148593304827608108e+02 1.434367907190872529e+03
1.640201921602927604e-01 1.668450608006982088e-04 5.209807354923030971e+02 1.454270069737103768e+03
1.645878330457274941e-01 1.680024365211419009e-04 5.140830482026642585e+02 1.498768834754543150e+03
1.651567618716379693e-01 1.671645999819425471e-04 5.204306973728521371e+02 1.584499885000439690e+03
1.657264779056585591e-01 1.692876351931912112e-04 5.190380353623551173e+02 1.676397633414019992e+03
1.662962408688682669e-01 1.652752217670282631e-04 5.149258401484368051e+02 1.591820019579197151e+03
1.668647238338327454e-01 1.682325870054191376e-04 5.008236682658628069e+02 1.630970333867843465e+03
1.674354358933244080e-01 1.682128548936996084e-04 4.889353258425925901e+02 1.329884124991434419e+03
1.680094054343551913e-01 1.689693834722883078e-04 4.742760361983731059e+02 1.238842286481786687e+03
1.685780229112530948e-01 1.656412772259727910e-04 4.703004778006978199e+02 1.223428826000832714e+03
1.691444670762947966e-01 1.663938667591130006e-04 4.743033486330081701e+02 1.236244336956937332e+03
1.697172744927546439e-01 1.706035561163262403e-04 4.737274032618980755e+02 1.227590453479789858e+03
1.702883555641972191e-01 1.651453159791982698e-04 4.665892703059996052e+02 1.234460541845201078e+03
1.708558824935764719e-01 1.669047537037073015e-04 4.648004928202728934e+02 1.223751265721073878e+03
1.714232028805131036e-01 1.657789959538249428e-04 4.703327000960572946e+02 1.232660634701388517e+03
1.719901606670392880e-01 1.664771945397595986e-04 4.609767989859590784e+02 1.224746632658770523e+03
1.725613018599664872e-01 1.702346576903621155e-04 4.574079559371236314e+02 1.229453220487994031e+03
1.731341760090149007e-01 1.652267194600903874e-04 4.922052546114720144e+02 1.501775930172155540e+03
1.737035157371246696e-01 1.673892631280851499e-04 4.922585328390786117e+02 1.608428541603401300e+03
1.742727842266845462e-01 1.657783179754444749e-04 4.835079412996681754e+02 1.547251697250138477e+03
1.748432872012828931e-01 1.684648893808943758e-04 4.699429396815373821e+02 1.491703596405538974e+03
1.754145481899948289e-01 1.664099932724438259e-04 4.741516506869024283e+02 1.458361344978182160e+03
1.759798591290594183e-01 1.632250142203518621e-04 4.796758030534844579e+02 1.438295718299347982e+03
1.765467593179363692e-01 1.687058492546679510e-04 4.723074463075794824e+02 1.396963573930445364e+03
1.771202219091868868e-01 1.674150367944676960e-04 4.719385327702491963e+02 1.386587399462969415e+03
1.776904693503658372e-01 1.659444764880447219e-04 4.787025952281662171e+02 1.393438076231558398e+03
1.782604010459035992e-01 1.678492110363692593e-04 4.721537914056551131e+02 1.378917913091955597e+03
1.788307500913050574e-01 1.655667938356936251e-04 4.695863778134852282e+02 1.378326650520544490e+03
1.793995450609073561e-01 1.698790182135153357e-04 4.668688801880717278e+02 1.363097363038185449e+03
1.799720812630283273e-01 1.649397208111774433e-04 4.715592511312716510e+02 1.388521901930560944e+03
1.805386456712941290e-01 1.651686536354535846e-04 4.636035393304348986e+02 1.370378511168715704e+03
1.811069383659960064e-01 1.669141728889542056e-04 4.653887371199598988e+02 1.353795498118805199e+03
1.816791523919583096e-01 1.673943658269089305e-04 4.720978452305317887e+02 1.489515637740156080e+03
1.822471761600497897e-01 1.659082293283683726e-04 4.873754491272542282e+02 1.657764656993728750e+03
1.828148900218806716e-01 1.652374151227169804e-04 4.926321983705867069e+02 1.560044988741545694e+03
1.833837884800252616e-01 1.666261844216967319e-04 4.837705400186154066e+02 1.546179633660863146e+03
1.839552836478638986e-01 1.671187308753734958e-04 4.758738350310315468e+02 1.426393446873597895e+03
1.845307098877413121e-01 1.672904076187442383e-04 4.621833273203502017e+02 1.386107360876494567e+03
1.850974035949538854e-01 1.617180604635059052e-04 4.765661699201426700e+02 1.379331897592515816e+03
1.856640408950079868e-01 1.676837744426350890e-04 4.611964344030638472e+02 1.342968345158303464e+03
1.862375265135386981e-01 1.677282116506915923e-04 4.666534410084195201e+02 1.336421150742770578e+03
1.868039468531301484e-01 1.623802461812587014e-04 4.663851248034964101e+02 1.322796261393826398e+03
1.873699886718823426e-01 1.657420409103716884e-04 4.428654654251367901e+02 1.300784792034680322e+03
1.879411051470216143e-01 1.653735326389958336e-04 4.507523190975465468e+02 1.316196319137667160e+03
1.885140907105027908e-01 1.672620345275643188e-04 4.680066060415674656e+02 1.387826846242525562e+03
1.890853277977380953e-01 1.660417714361772993e-04 4.516779226342048901e+02 1.419905555587531126e+03
1.896534166623433659e-01 1.636785168102265048e-04 4.657818994996411561e+02 1.482409128812048266e+03
1.902213717067860743e-01 1.664320399803167409e-04 4.718158396965177417e+02 1.628040306384616770e+03
1.907926445050983078e-01 1.652241434340370838e-04 4.490690588509471581e+02 1.302994951066260228e+03
1.913636616984963901e-01 1.658406534608816219e-04 4.403561122487394073e+02 1.316525555084820326e+03
1.919320125866155191e-01 1.633419537727983501e-04 4.467245239420938105e+02 1.355323558815030083e+03
1.925027719145957217e-01 1.669895910668903205e-04 4.419098499213454829e+02 1.354533270052020043e+03
1.930743279843360749e-01 1.658240720341930263e-04 4.415854566850753713e+02 1.318528389553536272e+03
1.936410871117785759e-01 1.627106479512474178e-04 4.371577940828644842e+02 1.319289837653187305e+03
1.942099136773889068e-01 1.664287986565099443e-04 4.408238868933673302e+02 1.324591401206188948e+03
1.947796436338841142e-01 1.627183489116277627e-04 4.471555247876723342e+02 1.347062870924157323e+03
1.953489635069127761e-01 1.666200070465689495e-04 4.341128453879746303e+02 1.346053057526607972e+03
1.959206053767875433e-01 1.661048004618073323e-04 4.426879188829209397e+02 1.367309920173072896e+03
1.964882333785077095e-01 1.622467225164098516e-04 4.421962136635704042e+02 1.385939420618625718e+03
1.970536871276055424e-01 1.657816994959148489e-04 4.349347167369002136e+02 1.379562055690865918e+03
1.976259922429931259e-01 1.656548398263570001e-04 4.430976174574931861e+02 1.401487101658096208e+03
1.981968337671215774e-01 1.648743708435729391e-04 4.406289543756277567e+02 1.438222922934490043e+03
1.987649076073500498e-01 1.644838419777039384e-04 4.464946040473060407e+02 1.475301462705473114e+03
1.993382110205279001e-01 1.665245005574342676e-04 4.556778664729646380e+02 1.509172969793514767e+03
1.999092594311902560e-01 1.653975915170942195e-04 4.373415192680336645e+02 1.497953710508029644e+03
2.004775050327681774e-01 1.632132696153190275e-04 4.399622017033112797e+02 1.310444680828240735e+03
2.010472448887819508e-01 1.656269295659925560e-04 4.179327526992077537e+02 1.211483202449409191e+03
2.016136074328978844e-01 1.609125550350789667e-04 4.234070886470323671e+02 1.222591874121744013e+03
2.021821692108862201e-01 1.669410075368543732e-04 4.179428721129049791e+02 1.207382201090509398e+03
2.027546845972609812e-01 1.648786521103165405e-04 4.161790379107994227e+02 1.207494845371108340e+03
2.033234505991677876e-01 1.627817243701184385e-04 4.228661395882650709e+02 1.214784768284820757e+03
2.038890589650429186e-01 1.633884905506646388e-04 4.146818754603053208e+02 1.204489913590099832e+03
2.044563078991866456e-01 1.634848478959048906e-04 4.128569136233768972e+02 1.206167306553857088e+03
2.050309181044366325e-01 1.679849482309571157e-04 4.471046076124989668e+02 1.484289282483659008e+03
2.056052192120658151e-01 1.628431465261789119e-04 4.509249899476659493e+02 1.532053404418964647e+03
2.061731383725521616e-01 1.629573135641026668e-04 4.558391086503362999e+02 1.534232482460541860e+03
2.067424970827703989e-01 1.651934988481173030e-04 4.494542825059996858e+02 1.631828937181844367e+03
2.073118484753536661e-01 1.618344599106812576e-04 4.588646923962550090e+02 1.576049710095888031e+03
2.078795763266520491e-01 1.644460048959850700e-04 4.326548494874082280e+02 1.448603426147312121e+03
2.084477865339623426e-01 1.604430954091103220e-04 4.325944353329526848e+02 1.408309484707467846e+03
2.090159779151617714e-01 1.642922148394388468e-04 4.238289072444111412e+02 1.343946276972326359e+03
2.095878413924421590e-01 1.643933753231822926e-04 4.364309407393813558e+02 1.330005677718216475e+03
2.101586000308748314e-01 1.617428635315935729e-04 4.304088072386390991e+02 1.324479999416376131e+03
2.107254573466961489e-01 1.629801993794165562e-04 4.256610339990879766e+02 1.309535200014251586e+03
2.112954894720326937e-01 1.616304423802452381e-04 4.407241839742912930e+02 1.342046015109234077e+03
2.118664587592574700e-01 1.644979997532971779e-04 4.290513826710296712e+02 1.318301714016814230e+03
2.124378903742842883e-01 1.621838144857629756e-04 4.350995014946120705e+02 1.329295294023940187e+03
2.130081844402901825e-01 1.618951819974519745e-04 4.346703977851340142e+02 1.349303167910635011e+03
2.135756412562742346e-01 1.616072201319093639e-04 4.303982778674962901e+02 1.371898735438978520e+03
2.141431095340998181e-01 1.611655378736936972e-04 4.355501856376229171e+02 1.430719110155836688e+03
2.147124385721021489e-01 1.636614748368391502e-04 4.216044084709249091e+02 1.337662610244829921e+03
2.152825070688314246e-01 1.602194281096502339e-04 4.262201208686518612e+02 1.287121921481874551e+03
2.158522024612828938e-01 1.630543380540852821e-04 4.139793931657394523e+02 1.241201916752287161e+03
2.164236410824103840e-01 1.629265722878290830e-04 4.143816882845754890e+02 1.239039993319674750e+03
2.169946377949703575e-01 1.614293873056614622e-04 4.167348075438328578e+02 1.263882513322902469e+03
2.175605729031298841e-01 1.608637774037720747e-04 4.186657835386961324e+02 1.301660419066970235e+03
2.181288283086519897e-01 1.617843711551033908e-04 4.204052375376164719e+02 1.347280746944435350e+03
2.187016972608919474e-01 1.642231396443989797e-04 4.162004498270092085e+02 1.390035672303164802e+03
2.192735378992489159e-01 1.611346929615922480e-04 4.201169209448580091e+02 1.498945070249943456e+03
2.198420693327713948e-01 1.603161863068486390e-04 4.187467848428112802e+02 1.452345889324366908e+03
2.204093543985171655e-01 1.614543244885158939e-04 4.182735380627067912e+02 1.407721888738224152e+03
2.209762270951374785e-01 1.602609511225768705e-04 3.996480795372676198e+02 1.172509864061688177e+03
2.215452487058755804e-01 1.644569298032381999e-04 3.922438486314618444e+02 1.163724174847238146e+03
2.221175531265534575e-01 1.604596667221471395e-04 4.092534765740097100e+02 1.181678986150657465e+03
2.226836067884225556e-01 1.641978756788750745e-04 4.205271756442498372e+02 1.193157858396983784e+03
2.232565871471269836e-01 1.654563472422474846e-04 4.390179667456750394e+02 1.206489889563996257e+03
2.238289513709997014e-01 1.633945495243986157e-04 4.487737277271218090e+02 1.227612970652050535e+03
2.243956179226320458e-01 1.628117220857341256e-04 4.606748726002634839e+02 1.229377485528902298e+03
2.249622579323688198e-01 1.616562667221704852e-04 4.630296378647564666e+02 1.242833027528534558e+03
2.255311455447983893e-01 1.662036340293565715e-04 4.650245305304260341e+02 1.241770277225682321e+03
2.261044983192986024e-01 1.635928324690665285e-04 4.913548138436764248e+02 1.259808733304132602e+03
2.266764391923482558e-01 1.633405725221041252e-04 4.858609517130079212e+02 1.263125585374475122e+03
2.272439912709065535e-01 1.615019202796340032e-04 4.979689749189238341e+02 1.286705495163590058e+03
2.278139013664074730e-01 1.642265576716775367e-04 5.040873552039277001e+02 1.299618850492616275e+03
2.283832582380851683e-01 1.644072668745012169e-04 5.272997548730276094e+02 1.446219724476370402e+03
2.289524552911576527e-01 1.615693317475860782e-04 5.447353548528886904e+02 1.498194328713150526e+03
2.295202710331086249e-01 1.620251535722585557e-04 5.364863853782478600e+02 1.458418633966322204e+03
2.300871959093564456e-01 1.617623571457540521e-04 5.457187755311388173e+02 1.440975073733625095e+03
2.306618522546517724e-01 1.663902814675192251e-04 5.392447864218988798e+02 1.397223066536968645e+03
2.312318137134390383e-01 1.598658373667324602e-04 5.553375228722553629e+02 1.403334343290915285e+03
2.317962673566430487e-01 1.611564455396415031e-04 5.552047346161630230e+02 1.387846909555306638e+03
2.323703404124705107e-01 1.673400508577830800e-04 5.458521135675438245e+02 1.379173601180955302e+03
2.329439837692619253e-01 1.589836268098670775e-04 6.125281767763834750e+02 1.747976180287071429e+03
2.335114659298857254e-01 1.624810698556080517e-04 5.873863667850491765e+02 1.675702075744413378e+03
2.340784676117972363e-01 1.583079009982498592e-04 6.077612257071234581e+02 1.616369599668562842e+03
2.346440559314566243e-01 1.615761191585021023e-04 6.006858434073731132e+02 1.562392972865073716e+03
2.352162109946593083e-01 1.656428264518911594e-04 6.120657298870801242e+02 1.517585518197377041e+03
2.357866492788111279e-01 1.581699522230724426e-04 6.236713182943312859e+02 1.515822281849900946e+03
2.363520137839480451e-01 1.621030179496580389e-04 6.085916713887090737e+02 1.494680894811895996e+03
2.369224360570307275e-01 1.604043332801944081e-04 6.313284897185161526e+02 1.511078525251705969e+03
2.374956866610479778e-01 1.643549312237813195e-04 6.208929204312031516e+02 1.507760560588614226e+03
2.380662069967962868e-01 1.597833494416389124e-04 6.387844523218134327e+02 1.530984271139428301e+03
2.386333342379401146e-01 1.601441226718258531e-04 6.554497948651861634e+02 1.551007709193095025e+03
2.392017274271848459e-01 1.636248387732169699e-04 6.314179469084840548e+02 1.575377872440059491e+03
2.397723206654768513e-01 1.594821409681062901e-04 6.581951996148565058e+02 1.630734699029106650e+03
2.403405152238884124e-01 1.619867242100131162e-04 6.480200376650294629e+02 1.736237729455054250e+03
2.409082509926589455e-01 1.582889581020021947e-04 6.755526193836585662e+02 1.889486059572689101e+03
2.414770638640361955e-01 1.619142743813924254e-04 6.704532031330732025e+02 1.967514452619903523e+03
2.420490404189070133e-01 1.645065822004798835e-04 6.851940598698123495e+02 2.004138891074894445e+03
2.426219791374604196e-01 1.603270236661396165e-04 6.502785308353035134e+02 1.450231378480970761e+03
2.431897966558229096e-01 1.623466710052170819e-04 6.445209111630283587e+02 1.391710756668563590e+03
2.437585885338764968e-01 1.587824635672277886e-04 6.313538871571765867e+02 1.374797621511135048e+03
2.443321195397998580e-01 1.654770879452878267e-04 6.110796478565297321e+02 1.350781462596241454e+03
2.449019555344580934e-01 1.584190644835381404e-04 6.442229278473370186e+02 1.376249838421320192e+03
2.454698574006988765e-01 1.621617980766555645e-04 6.249499586699934071e+02 1.368937513504027038e+03
2.460386531152553014e-01 1.613210889576790553e-04 6.330746624091960939e+02 1.371063211453187705e+03
2.466069417875106362e-01 1.610054900742378991e-04 6.543636746717642154e+02 1.454484941780669260e+03
2.471787550499228714e-01 1.635064113768841662e-04 6.557709957916916892e+02 1.719619110682351675e+03
2.477462252975766166e-01 1.568873367544441856e-04 6.834876659666626892e+02 1.752793407033729636e+03
2.483158494997526333e-01 1.642325784829425333e-04 6.597555930021175072e+02 1.676061281279052992e+03
2.488887034463093118e-01 1.614011464833368893e-04 6.583789557200077525e+02 1.643615525618983384e+03
2.494559467225234972e-01 1.598927979916951769e-04 6.630212640460838429e+02 1.627161864705981998e+03
2.500256300781771301e-01 1.639148657314904052e-04 6.553328897626583966e+02 1.588273644178403174e+03
2.505960943971381472e-01 1.569585835189714882e-04 6.843357109408450469e+02 1.589441471447028334e+03
2.511642584457539074e-01 1.631625477977721034e-04 6.641308344160036086e+02 1.567553755567532107e+03
2.517365631181963104e-01 1.611795840423848041e-04 6.814420579790011061e+02 1.565819588462858064e+03
2.523076673776112888e-01 1.606759317076454315e-04 6.801424045284378508e+02 1.574319660345076045e+03
2.528733521987859834e-01 1.588408277452627308e-04 6.757733316905625998e+02 1.570306772961415390e+03
2.534399318170733606e-01 1.588063096425600704e-04 6.805850241702341918e+02 1.572066901506225349e+03
2.540097321790817375e-01 1.636898606690593075e-04 6.601756997147463153e+02 1.563760445132577843e+03
2.545834531816237867e-01 1.594613842870269064e-04 6.853069432600183291e+02 1.579954666139642313e+03
2.551542172749352577e-01 1.611213765007465048e-04 6.792461745787443306e+02 1.575232778073802592e+03
2.557234586881669824e-01 1.598786329377084733e-04 6.878697312279521157e+02 1.577394918006765920e+03
2.562940109038467362e-01 1.610105376700829947e-04 6.698351312328053382e+02 1.561185708895970265e+03
2.568601889624640422e-01 1.589817822732972612e-04 7.071601629294581244e+02 1.670184945463586700e+03
2.574224345593013052e-01 1.555507363267833864e-04 7.183472810710530894e+02 1.933705870607289853e+03
2.579918503988470335e-01 1.640288507504054894e-04 6.979315978436663954e+02 1.771587996569127426e+03
2.585670521595814231e-01 1.616809840819627387e-04 6.957977933233003114e+02 1.687913085437378413e+03
2.591400804310073913e-01 1.607799196151777634e-04 6.958859270111233855e+02 1.646579673732930814e+03
2.597058120692336547e-01 1.581738629764479294e-04 7.027191720711002745e+02 1.603412182387566645e+03
2.602720026653607688e-01 1.593761583555327612e-04 7.000505029139566204e+02 1.576235581771949455e+03
2.608430391980737784e-01 1.648035778763600866e-04 6.943153663155773074e+02 1.552156583082341058e+03
2.614127474899112236e-01 1.574078224920886571e-04 7.027032912010030259e+02 1.548303265868519020e+03
2.619822739811669132e-01 1.630623781216024206e-04 6.857172093619043380e+02 1.525535278643240645e+03
2.625523907249259770e-01 1.592330501488723577e-04 7.009857210997860193e+02 1.540429817420774498e+03
2.631209061685340633e-01 1.623623258957730838e-04 7.004340178018089773e+02 1.547753235136577132e+03
2.636915847485185593e-01 1.621968744211452500e-04 6.933248381355375614e+02 1.582601028592285047e+03
2.642596728218545854e-01 1.584509868928402380e-04 7.241364807612128516e+02 1.644451290641098012e+03
2.648265275477353353e-01 1.629230739420727729e-04 6.925417545018347028e+02 1.690688064914057350e+03
2.653992878217650841e-01 1.617840797429449080e-04 7.140145637806265313e+02 1.781644475213151054e+03
2.659688711807106087e-01 1.597957075905335946e-04 6.940434846135099178e+02 1.524082491254836214e+03
2.665357413565713207e-01 1.654105519172144355e-04 5.195217046873082154e+02 1.151836439097336779e+03
2.671080069537516422e-01 1.626701277106688489e-04 4.445329691780036114e+02 1.037478458123262044e+03
2.676768556070643901e-01 1.691801940646858466e-04 4.027982142998668564e+02 9.377211613474763681e+02
2.682493300541755610e-01 1.614220267119013139e-04 3.943325403746164852e+02 8.767583469988786646e+02
2.688177513807972763e-01 1.662996379824703617e-04 3.856232106811936546e+02 8.781919142120929109e+02
2.693851577249113949e-01 1.603863392897897778e-04 3.756319414500258063e+02 8.513410511179167770e+02
2.699589538042458381e-01 1.693590433343603269e-04 3.569264913344269416e+02 8.057715782032199741e+02
2.705341379607629770e-01 1.651212915366971612e-04 3.396188212522955041e+02 7.784232432204076986e+02
2.711011187788506249e-01 1.613591504621344759e-04 3.262320959280702368e+02 7.465839618376928684e+02
2.716634305998492649e-01 1.656227339408235428e-04 3.007377579370873946e+02 7.059433012765232434e+02
2.722363973262479364e-01 1.655325742006511381e-04 2.968399251872093600e+02 6.809044662282877880e+02
2.728100469150475105e-01 1.646080381434411035e-04 2.603306352201142317e+02 6.279093325819443407e+02
2.733737974913508229e-01 1.603812073584732687e-04 2.540041306335499200e+02 6.005978982053798063e+02
2.739450060752051663e-01 1.674346389119041735e-04 2.466307048506415924e+02 5.862875904991386733e+02
2.745190854421674653e-01 1.671958227816528961e-04 2.372869382872195843e+02 5.580848832971256570e+02
2.750860360129060433e-01 1.603928582067623066e-04 2.244155096416821777e+02 5.405668135570473396e+02
2.756531483706411434e-01 1.675800991109693957e-04 2.020646425012812699e+02 5.116093968966108037e+02
2.762191509196462724e-01 1.571580316994554676e-04 2.079837274873027013e+02 5.025792772270791602e+02
2.767946891449373781e-01 1.727807510246506546e-04 1.935755984038158033e+02 4.708112414815968236e+02
2.773728629459866202e-01 1.622121328489713643e-04 1.795434153659080891e+02 4.453507633729913664e+02
2.779371867597200674e-01 1.619258433042512649e-04 1.709187432729846989e+02 4.298683256758852735e+02
2.785030517972970077e-01 1.661461027007162493e-04 1.569490432285851398e+02 4.009297509950960716e+02
2.790701103365197389e-01 1.598624171474177726e-04 1.622925506203888233e+02 3.940625798087350518e+02
2.796369973446206081e-01 1.681679944273129737e-04 1.400902692474803928e+02 3.655238560679648572e+02
2.802122481591007297e-01 1.628783220825105727e-04 1.475691628300796481e+02 3.656604621063522131e+02
2.807814447325423513e-01 1.630021627206631790e-04 1.310109411695505344e+02 3.442402119445366111e+02
2.813507440450861430e-01 1.679084512411662376e-04 1.279186885991143754e+02 3.198593995356887376e+02
2.819294121784565732e-01 1.650414168698367942e-04 1.151529387353906628e+02 3.045323205452820048e+02
2.824933218105669663e-01 1.632625654587590907e-04 1.080975330891676833e+02 2.954269749785817112e+02
2.830558459602667276e-01 1.592328650061676694e-04 1.113125094357635732e+02 2.869374168602417967e+02
2.836299621051653896e-01 1.706053056541118539e-04 9.649803943384850413e+01 2.690977169621441476e+02
2.842019016406961973e-01 1.607653964444970458e-04 9.143672606926789115e+01 2.491964191314528989e+02
2.847735041085992513e-01 1.661736289433421595e-04 8.831987612344757110e+01 2.497176806651156653e+02
2.853383343842999520e-01 1.604106330407255158e-04 8.791796719235067314e+01 2.397924035307587474e+02
2.859001105270350673e-01 1.625281733591516322e-04 7.947832687762765147e+01 2.147571507238744175e+02
2.864773547108612206e-01 1.728053861564002552e-04 6.963042657077123465e+01 1.987674184798578381e+02
2.870490655843047079e-01 1.546686013184032232e-04 7.756393695422728740e+01 2.104877587369455227e+02
2.876156672774900502e-01 1.683300286879280193e-04 6.398391565878622345e+01 1.846841900136425068e+02
2.881893994962486105e-01 1.636140665573873913e-04 6.002051143728371585e+01 1.721541617950583714e+02
2.887620659783757815e-01 1.663229042124239002e-04 5.993097798730227765e+01 1.751053997768070758e+02
2.893287635119551893e-01 1.627586881204245084e-04 5.317114168942404007e+01 1.563386808342708321e+02
2.898858947905365024e-01 1.550493608221591374e-04 5.368558644729684204e+01 1.520832243478056967e+02
2.904555765409209123e-01 1.724965947962641452e-04 4.399506417128488067e+01 1.349764833113026441e+02
2.910346409359119146e-01 1.617892336113324462e-04 4.907866392968679747e+01 1.356177259722042834e+02
2.916068239384930760e-01 1.661801254064748212e-04 4.039671605002191512e+01 1.237502207367085560e+02
2.921678610368435569e-01 1.582529440533684130e-04 3.750440472642549139e+01 1.124084287078207041e+02
2.927412532944896340e-01 1.703052677914026493e-04 3.408701643529897751e+01 1.083071160171952556e+02
2.933161240604457154e-01 1.675421732219235565e-04 3.403249927757507010e+01 1.048410933235776241e+02
2.938833472442378691e-01 1.576043743378549751e-04 2.777625557303586490e+01 8.418175922140903822e+01
2.944489411806277546e-01 1.660621474689806542e-04 2.578886985872528115e+01 8.264730850363717707e+01
2.950217130627594830e-01 1.654412990181688720e-04 2.270288472099342769e+01 6.960378193688590898e+01
2.955999165491461911e-01 1.669006887487419497e-04 2.463075174048071858e+01 7.229570318369690085e+01
2.961615549408742054e-01 1.601135343258092690e-04 2.405751839454172014e+01 7.083271268494007700e+01
2.967214973067989758e-01 1.602885789962455278e-04 2.437715446403609221e+01 7.002637572088382001e+01
2.972949274341802894e-01 1.739944332637479189e-04 2.396588995066662520e+01 7.049039779938307504e+01
2.978707648711936828e-01 1.572046175802470412e-04 2.775839911563453200e+01 7.448762897156878182e+01
2.984421981126801349e-01 1.701360676824621048e-04 2.427506904008160760e+01 6.717118746609692437e+01
2.990137314468128138e-01 1.579647492053972053e-04 2.491635798750362696e+01 6.769444059557396542e+01
2.995833714450384933e-01 1.681549430373305743e-04 2.246516501640505936e+01 6.149191194254810711e+01
3.001536433559279238e-01 1.641505183805624663e-04 2.271953826374454621e+01 6.265638222706647298e+01
3.007089347660210077e-01 1.551596372855003141e-04 1.964371667671756683e+01 5.524719429264865056e+01
3.012781619116192688e-01 1.735028756491792444e-04 1.875664682895996904e+01 5.389024918561282362e+01
3.018574366694128930e-01 1.584019063096001934e-04 1.782216175323873841e+01 5.132385343126997412e+01
3.024289395504944911e-01 1.674491045462992594e-04 1.625593675970499774e+01 4.737036582353194092e+01
3.030018919725295246e-01 1.635036359586038764e-04 1.486705738558921830e+01 4.448825591978165050e+01
3.035751571684730532e-01 1.627876958212383135e-04 1.366903752170639486e+01 4.038607405736394185e+01
3.041375092294530957e-01 1.673103357467548024e-04 1.475929415598231209e+01 4.049276730936743007e+01
3.046978488124151285e-01 1.517223635811489882e-04 1.204645794168525796e+01 3.556060266669744863e+01
3.052631932666221570e-01 1.724018470987489257e-04 1.130848474451524233e+01 3.593907428379623781e+01
3.058414739766376900e-01 1.590727949740650224e-04 1.099196105443735938e+01 3.325679848729533461e+01
3.064183772367459757e-01 1.691559572752462026e-04 8.812789362506249446e+00 2.739193656129897292e+01
3.069836758021019518e-01 1.595980928806104825e-04 8.805729733648353985e+00 2.754754751766429166e+01
3.075567497921065652e-01 1.682744508754374852e-04 7.809284245733219443e+00 2.440246455041216578e+01
3.081247620241766572e-01 1.666271491155761988e-04 7.096847302752053999e+00 2.383853279472141651e+01
3.086829708641709025e-01 1.541644635526342219e-04 8.031573713047933438e+00 2.300752760577746869e+01
3.092557745607837916e-01 1.739702910918379606e-04 5.444239635360559326e+00 1.854522077720331907e+01
3.098277900971050380e-01 1.533823327789437271e-04 5.968367330349955147e+00 1.882492874851937259e+01
3.103945532978509281e-01 1.694975805675558969e-04 5.878162669505995197e+00 1.787728703217297266e+01
3.109692690402263149e-01 1.643931499725054257e-04 4.470241682374865633e+00 1.474488651088442737e+01
3.115349110407769628e-01 1.610900940311552217e-04 5.353236649719676166e+00 1.635431131605943023e+01
3.121047550230624523e-01 1.729490143196100733e-04 3.622500717934636238e+00 1.264135987905718750e+01
3.126758909169974898e-01 1.543615319769908278e-04 3.836257442477202684e+00 1.332067665844786575e+01
3.132460391927893717e-01 1.726740177362028538e-04 2.979689696528942999e+00 1.060528651551312684e+01
3.138253229428920599e-01 1.605978734071669646e-04 2.916267925743305511e+00 1.124073789150309644e+01
3.143962454508686388e-01 1.664329875547105285e-04 2.515122199198036146e+00 1.043346922169227398e+01
3.149627483159684882e-01 1.647989719551448305e-04 2.513728382334634137e+00 9.704886575381591385e+00
3.155301890138590415e-01 1.618028587292005751e-04 1.378330646397853965e+00 8.773603148472208346e+00
3.160934636760825422e-01 1.655712425406689902e-04 1.795509026809506858e+00 9.012329117354294539e+00
3.166595504206625167e-01 1.615108155492614417e-04 1.887492402202302966e+00 7.875986873909724295e+00
3.172387701267368465e-01 1.696685134913619687e-04 1.122231584367559210e+00 7.726129284561565669e+00
3.178134564614669144e-01 1.634266017480859475e-04 9.401382454543742995e-01 6.950417784675503974e+00
3.183784306782566076e-01 1.603191832837300656e-04 1.149202063391064454e+00 6.772761237824679981e+00
3.189483459721395575e-01 1.694854084949991464e-04 1.668411368357251900e+00 7.072704443715158718e+00
3.195211295545258845e-01 1.613391348088828964e-04 2.080718911397815701e-02 5.717073801318345083e+00
3.200844246979377417e-01 1.618637800067667418e-04 5.650659334693937108e-01 6.666574838669686365e+00
3.206501136664306473e-01 1.657406541711505671e-04 2.080668487247611664e-01 6.558123106167293770e+00
3.212223250359272919e-01 1.623303894959950264e-04 3.845822133192948189e-01 6.286995768208665680e+00
3.217907094521592626e-01 1.655950593048110511e-04 3.350750129209408290e-01 6.216044020065607079e+00
3.223629283479844121e-01 1.653864459903858493e-04 3.308673451917805153e-01 6.598694520598860969e+00
3.229316971520689861e-01 1.602085107869418042e-04 3.538995594097715802e-01 6.055006150677336052e+00
3.235036560838011055e-01 1.705803039664167172e-04 7.204503187793358521e-01 6.341106341138715408e+00
3.240743383243098186e-01 1.567218674250160312e-04 1.470176055347182514e-02 6.268274609110325635e+00
3.246360568149493364e-01 1.658510050207315874e-04 0.000000000000000000e+00 4.904324864913289339e+00
3.252035616082167846e-01 1.620691630931473954e-04 1.831178851520190720e-01 6.680031201743973135e+00
3.257734432214398068e-01 1.646655148928050246e-04 1.980332280534562173e-01 5.860390896481741052e+00
3.263451803590320388e-01 1.659577992820021532e-04 3.085352928975103048e-01 5.539020484024018920e+00
3.269081188959307438e-01 1.587951546267656966e-04 1.634448459350904326e+00 6.777165647338565080e+00
3.274791216153101758e-01 1.690721790378726453e-04 4.237471494237076142e-01 6.458711628619914435e+00
3.280517887336155680e-01 1.632555727679293122e-04 1.673183521515444028e+00 6.873328673853995596e+00
3.286213122964714017e-01 1.659015771476073033e-04 9.676256044695743519e-01 7.082683239510349615e+00
3.291919827540599752e-01 1.646076146698155799e-04 2.065203140286206107e+00 6.546707187586748411e+00
3.297669376550523279e-01 1.695879027850169508e-04 1.687206765721940060e+00 7.140881423185795995e+00
3.303385722168437622e-01 1.589889791576853148e-04 1.741447240690813913e+00 6.247282405607276878e+00
3.309096277886455217e-01 1.717444313284584789e-04 3.116044401135794617e-01 6.701119309488527520e+00
3.314868707140175563e-01 1.627443544213365571e-04 1.187787670696684783e+00 5.522994755961674329e+00
3.320550238145351662e-01 1.634323260297636281e-04 2.401564079104760552e+00 5.758643881338954884e+00
3.326145760864327450e-01 1.621203809574514837e-04 1.177750393559379827e+00 5.922094224174417221e+00
3.331768055610401791e-01 1.639129166349989955e-04 2.214603979068340944e+00 6.913700189650247019e+00
3.337494300413678117e-01 1.648638519366796328e-04 1.866376923783736652e+00 7.194384410351678305e+00
3.343196199196089569e-01 1.663637700280773727e-04 1.740260943380213865e+00 5.854828122641946742e+00
3.348876242395068537e-01 1.611683006042058603e-04 1.663720161178861456e+00 5.442234268404802400e+00
3.354600261782513804e-01 1.669532734623875396e-04 2.304379988210594199e+00 6.334564727863561728e+00
3.360297693195738455e-01 1.651634999870907556e-04 2.424596386086915967e+00 6.805468715094718846e+00
3.365959666193622524e-01 1.628129385391020390e-04 2.509135522252048833e+00 6.739875809384469285e+00
3.371687741209966616e-01 1.651729612492906926e-04 3.925901181937259121e+00 7.233141717147952399e+00
3.377348941050817843e-01 1.668915181576936574e-04 3.186236550781930355e+00 6.813216705418960295e+00
3.383002765121259081e-01 1.574138269744715867e-04 3.434937523910152724e+00 5.873821889618644043e+00
3.388693425931229575e-01 1.664701846962407744e-04 2.150041965427686552e+00 5.374495704866889767e+00
3.394438837371425155e-01 1.684089392122418245e-04 3.272827523250458004e+00 6.360705926362010487e+00
3.400286930615567527e-01 1.666123676310503408e-04 4.424565487541483044e+00 5.279349181270148073e+00
3.405936403509234878e-01 1.551971672240187153e-04 6.348983980292669749e+00 4.951767361255979161e+00
3.411378029607844975e-01 1.627733581688670236e-04 4.324258638675905431e+00 5.180402020784962147e+00
3.417035351013864575e-01 1.610024093152836403e-04 4.501213001830266514e+00 5.015546764068754548e+00
3.422710637925043264e-01 1.630304437482838484e-04 3.909175047407662529e+00 5.573747990954261766e+00
3.428599401353361054e-01 1.768514766568868172e-04 3.932718464486044230e+00 4.534448642315394906e+00
3.434354053084029967e-01 1.492681715833363331e-04 3.606284052232454407e+00 4.898979485566355763e+00
3.439944748104987737e-01 1.658416658077908586e-04 3.267377608063278149e+00 6.198366969325046050e+00
3.445860787803995406e-01 1.766346570300815217e-04 5.579449164004069317e+00 6.910506641398757033e+00
3.451337342098141914e-01 1.349649485745031837e-04 5.910153140257014215e+00 8.015609770940699264e+00
3.457362390619622694e-01 1.898164454998164941e-04 4.890321109872363792e+00 6.489307444643927170e+00
